0.807897	-0.222017
1.00756	-0.186013
0.967341	-0.157689
0.944275	-0.0718885
1.01189	-0.41169
0.813596	-0.217599
1.07953	-0.279546
0.695572	-0.236276
0.810572	-0.244884
1.07407	-0.348791
1.02781	-0.209222
0.986454	-0.317748
1.06965	-0.442826
1.05266	-0.365819
0.820836	-0.366071
1.86574	-1.73363
2.32334	-2.59594
1.79381	-1.44837
2.65174	-2.88747
2.47502	-2.58349
2.11356	-2.1976
2.15095	-2.37592
1.94447	-2.17588
2.63243	-3.23197
2.41511	-2.76645
2.17866	-2.36483
2.40631	-2.85644
2.36393	-2.91469
2.51893	-3.22427
2.65552	-3.3324
2.81714	-3.51488
2.78494	-3.56474
2.86465	-3.63935
2.59434	-3.22616
2.76914	-3.48262
2.60261	-3.29736
1.76682	-1.59404
2.05292	-1.75774
1.86517	-1.67165
1.69612	-1.63933
1.66585	-1.66459
2.00949	-2.19069
1.98098	-2.32149
1.46824	-1.61081
1.61042	-1.80996
1.38396	-1.44449
1.1054	-1.08795
0.592577	-0.580657
0.703598	-0.956913
1.04457	-1.51058
0.757599	-1.22973
0.333712	-0.877511
0.2674	-0.840512
0.253165	-0.889458
0.301394	-0.952216
0.338272	-0.986503
0.520975	-1.16104
1.00913	-1.56533
1.15302	-1.45473
0.906619	-1.01622
1.2203	-1.38024
1.65647	-1.9797
1.78491	-2.32194
1.93568	-2.59223
2.09488	-2.77986
2.23793	-2.99334
2.34449	-3.09333
1.83682	-2.02249
1.80558	-1.52525
1.93733	-1.63361
1.66042	-1.21243
1.50202	-1.07766
1.44359	-1.00604
1.11028	-0.734226
0.932036	-0.790003
0.427219	-0.426566
0.0714185	-0.391616
-0.376009	-0.282208
-0.404915	-0.535999
-0.0386218	-0.586015
0.130863	-0.761215
0.0403064	-0.547265
0.23239	-0.48238
0.360249	-0.393136
0.320124	-0.287978
0.541317	-0.520723
0.973211	-0.997708
1.28396	-1.40704
1.54847	-1.64986
2.11709	-2.17718
1.84962	-1.95139
1.91942	-1.76497
1.9651	-1.85428
1.45981	-1.0607
0.229873	-0.295132
0.250372	-0.334883
0.208892	-0.277164
0.286425	-0.249033
0.184672	-0.00233334
0.012192	0.198251
0.0922368	-0.134395
0.54445	-0.576812
0.598275	-0.299573
0.931335	-0.597781
0.845199	-0.71978
2.37138	-2.55682
2.76726	-2.89458
2.22207	-2.2528
0.481919	-0.799541
0.839452	-0.91802
1.66504	-1.43903
2.44853	-2.61151
2.60909	-2.83416
2.03127	-1.86788
1.56264	-1.29254
1.00088	-1.0234
0.947157	-0.987443
0.558535	-0.262855
0.312511	0.0913759
0.150785	0.145148
0.0444766	0.230104
0.267974	0.187243
0.691304	0.49698
0.900821	0.411297
0.897389	0.437454
0.834893	0.133166
0.839375	0.031628
0.646461	-0.289806
0.600401	-0.381194
0.789092	-0.342507
0.962505	-0.422178
0.893663	-0.14657
1.04077	-0.303171
0.849346	-0.295887
0.884616	-0.431049
0.718878	-0.334901
0.432547	-0.340697
0.990594	-0.61735
1.48569	-1.66395
1.55757	-1.79428
1.26137	-1.53957
1.12623	-0.874667
0.463746	-0.30139
0.626415	-0.447376
1.24067	-1.03149
1.121	-0.892655
1.31398	-1.17537
1.38871	-1.25215
1.63649	-1.53602
1.59719	-1.52035
1.07678	-0.82243
1.05335	-0.668886
1.50192	-0.908755
1.55935	-0.723395
2.02965	-1.25725
2.13407	-1.25966
2.16726	-0.957644
2.09656	-1.0989
2.24608	-1.15324
2.31975	-1.08098
1.59109	-0.708116
1.60657	-1.02081
1.27101	-0.746824
1.33162	-0.90703
1.48086	-1.02142
1.64346	-1.30612
1.21564	-0.781727
0.800847	-0.563703
0.600293	-0.371864
0.872441	-0.741579
1.06596	-0.982582
1.44826	-1.58121
1.20006	-1.28061
1.23951	-1.47106
1.31783	-1.42964
1.54117	-1.39164
1.64911	-1.34452
1.91353	-1.61057
2.01769	-1.2723
1.40685	-0.740618
2.10153	-1.40411
3.28341	-2.86997
2.04242	-1.19265
1.49273	-0.86752
1.58582	-1.10505
2.52291	-1.88769
2.02308	-1.22425
1.94316	-0.949053
1.90336	-1.35514
1.49042	-0.790071
1.51369	-0.968323
1.16106	-0.657511
1.26514	-0.820562
1.31921	-0.996065
1.18632	-0.567421
1.14538	-0.430367
1.01323	-0.267996
0.937077	-0.0365261
1.13188	-0.19863
0.942852	-0.325266
1.17031	-0.627038
0.921951	-0.132636
0.970414	-0.23195
1.00026	-0.272273
1.0382	-0.0791746
0.6378	-0.298692
0.589102	0.12192
0.751148	0.0755641
1.099	-0.259419
1.16254	-0.241348
1.07102	-0.529997
0.761288	-0.171435
0.920365	-0.573336
1.02552	-0.539636
1.03131	-0.24224
0.886082	-0.0528493
0.890213	-0.237753
1.03316	-0.507939
0.63873	-0.827808
1.47254	-1.19934
1.13078	-0.693086
0.774597	-0.219379
0.290201	0.237257
0.800944	0.123381
1.30587	-0.417336
1.33789	-0.791071
1.45341	-0.928948
1.45903	-1.07768
1.7134	-1.41539
1.41973	-1.08195
1.41838	-1.19217
1.52105	-1.45272
1.43455	-1.54596
1.20359	-1.39737
1.11942	-1.4317
1.2441	-1.75312
1.35176	-2.00372
1.33447	-2.12555
1.25436	-2.00306
0.914631	-1.6079
0.51098	-1.17071
0.54203	-1.11427
0.57041	-1.01434
0.714426	-0.982301
0.848973	-0.841878
0.906572	-0.683717
0.92998	-0.601334
0.890359	-0.513815
0.833174	-0.449002
0.927809	-0.576906
0.958826	-0.802587
1.33816	-1.25594
2.61472	-2.6694
2.85136	-2.4736
1.64307	-1.06602
1.74311	-1.6113
2.104	-1.72887
2.79357	-2.53006
1.64563	-1.13883
2.00941	-1.42264
2.39263	-2.17546
1.9583	-1.66059
1.69092	-1.32859
1.50842	-1.11785
1.32287	-0.925616
1.36499	-0.987372
1.18427	-0.673429
1.16385	-0.604476
1.26699	-0.678156
1.29972	-0.655311
1.37975	-0.690627
1.65542	-1.04934
2.00333	-1.63913
1.6484	-1.16514
1.52054	-1.17221
1.53833	-1.34609
1.51613	-1.48986
2.13186	-2.44636
2.23365	-2.73241
2.13277	-2.56094
2.36144	-2.9006
2.48916	-3.07549
2.31605	-2.72101
2.32161	-2.78448
2.021	-1.77959
1.3406	-0.767632
1.38074	-0.921279
1.66898	-1.41156
2.14039	-2.18744
2.11511	-2.42709
2.54663	-3.2029
2.60773	-3.17268
2.45456	-2.99333
2.05332	-2.26599
2.08672	-2.1826
2.02625	-2.06178
2.15734	-2.14817
1.17359	-1.05552
0.966523	-0.88406
1.02521	-0.678995
1.05083	-0.744618
1.06623	-0.542378
1.10908	-0.351423
0.648221	-0.414046
2.27607	-2.11501
1.79645	-1.33754
2.27084	-1.76974
3.60484	-4.09661
2.85327	-2.39297
1.68439	-1.15046
1.45762	-0.977261
1.55699	-1.18034
1.03211	-0.900979
1.14225	-0.608515
0.906056	-0.603692
1.11327	-0.548331
1.68821	-0.964128
0.896771	-0.364709
0.822595	-0.311478
0.840074	-0.338047
1.11563	-0.562171
1.19808	-0.661252
1.09838	-0.6063
0.847712	-0.754899
0.877148	-0.587111
0.936863	-0.260949
0.951322	-0.311581
0.822283	-0.297526
1.18574	-0.876505
1.93691	-1.46795
1.41027	-0.557264
2.04617	-1.75332
0.879086	-0.388528
0.68653	-0.622954
-0.377361	-0.0797253
-0.139574	-0.222485
0.18082	-0.10863
0.554585	0.294723
1.10839	0.730696
0.925757	0.417719
1.00098	0.570601
0.986551	0.513621
0.74862	0.210486
0.271437	-0.347921
0.809332	-0.843259
0.585117	-0.941645
1.05825	-1.29786
0.946988	-0.720646
0.923191	-0.947262
0.57907	-0.532778
-0.353912	-0.0292045
-0.415037	-0.0304922
0.133806	0.348482
0.358255	0.241206
0.571178	0.14011
0.76377	0.043834
0.568258	0.109357
0.457391	0.0339846
0.505721	-0.0592818
0.924841	-0.765331
0.878587	-0.613603
0.866578	-0.762412
2.23291	-1.78474
3.06362	-2.73215
3.57476	-3.65991
3.46654	-4.10322
2.3731	-2.8172
2.41889	-2.89615
2.38749	-2.68106
1.8096	-1.74198
0.979709	-1.11475
0.392751	-0.859588
0.205398	-0.941573
0.425696	-1.18218
1.39041	-1.67902
2.03637	-2.2284
2.67492	-3.23853
2.24243	-2.52028
1.86964	-2.07611
1.82587	-1.92766
1.56817	-1.50354
1.26289	-0.989312
1.22015	-1.10086
1.04865	-0.731004
0.938714	-0.733786
1.21925	-0.553146
1.27983	-0.701919
1.21102	-0.240677
1.07314	-0.454708
1.87045	-1.69877
2.47663	-2.8678
2.19711	-2.11143
2.56176	-2.25018
2.68375	-2.24118
2.01672	-1.3725
1.27573	-1.1233
1.34362	-1.07969
0.609322	0.121308
0.357124	-0.0620048
0.917131	-0.543405
1.05819	-0.762432
1.18179	-0.869323
1.13723	-0.692837
1.01876	-0.46108
1.51293	-1.12335
0.862758	-0.378443
1.92665	-1.42265
2.51997	-2.09365
2.8206	-2.65396
2.30075	-1.92935
2.40893	-2.15589
2.05736	-1.61587
2.12435	-1.67615
2.23444	-1.87245
2.48743	-2.33665
2.65858	-2.6221
2.31846	-2.71354
2.41731	-3.00007
2.07053	-2.22981
2.12988	-2.07954
1.7238	-1.2594
2.24987	-1.86723
1.84351	-1.17214
1.49601	-1.13421
1.05202	-0.995747
1.15951	-0.8579
1.03932	-0.823541
0.898455	-0.51381
0.855948	-0.731016
0.958378	-0.701258
0.837989	-0.238851
1.01164	-0.111829
1.09224	-0.340936
0.926791	-0.20184
0.870038	0.00186804
0.972057	-0.174991
0.91467	-0.130885
0.991292	-0.215217
0.857369	-0.280887
0.962287	-0.400671
0.794876	-0.154409
0.392628	-0.258857
0.650778	-0.26111
1.04919	-1.07791
0.909281	-1.06601
0.850294	-0.913219
0.491763	-0.62961
-0.0160433	-0.28787
-0.120019	0.0345356
0.0458815	0.00292282
0.19821	0.15546
0.350065	0.547673
0.492185	0.516216
0.797711	0.215754
0.614701	0.114964
0.527119	-0.0354322
0.648058	-0.227392
0.401852	-0.0347448
0.768097	0.143079
0.70129	0.106521
0.683483	0.0382071
0.977524	-0.571124
2.30146	-1.84861
2.08051	-1.51017
2.14614	-1.52588
2.04418	-1.35689
1.93557	-1.19255
1.84779	-1.13818
0.0199374	-0.0649925
-0.235353	0.204841
0.192771	0.302823
0.382003	0.443356
0.203762	0.362655
0.447789	0.504506
0.220129	0.0475327
0.226616	-0.421899
0.867001	-0.74178
1.29793	-1.26044
0.900443	-0.74236
1.3182	-1.14651
2.07199	-2.30188
2.24737	-2.46544
2.41585	-2.51317
2.19735	-2.20647
1.84897	-1.66071
1.87719	-1.43837
1.92818	-1.52116
2.09161	-1.70135
2.40914	-1.93341
2.22857	-1.52123
1.90809	-1.07164
1.99154	-1.18145
1.74266	-0.822899
1.51035	-0.500796
1.63347	-0.793382
1.13469	-0.691764
0.658922	-0.153098
1.19541	-0.578901
0.981105	-0.0795074
1.61725	-1.00261
2.53045	-2.55289
3.0868	-3.24786
2.85056	-2.9837
2.20547	-1.91764
1.87202	-1.37125
1.82817	-1.3352
2.23699	-1.82865
1.45789	-0.997253
1.2727	-0.896158
0.682163	-0.629903
0.814128	-0.172076
1.02609	0.00990446
1.10648	0.130681
1.11432	0.0714363
1.16104	0.154883
1.09475	0.23683
0.917356	-0.490264
1.07278	-0.484749
1.13521	-1.56205
0.921602	-1.419
1.05971	-1.45099
1.08562	-1.321
1.07522	-1.29024
1.25416	-1.3074
1.50741	-1.32786
1.57268	-1.209
1.41116	-0.668579
1.73628	-1.09157
1.66314	-1.16724
2.02174	-1.37693
1.78019	-1.43942
1.461	-1.00398
1.52352	-1.04228
1.83692	-1.73488
2.10627	-2.36593
2.07313	-2.3247
1.2671	-0.75753
0.821285	-0.94857
0.679797	-0.890829
0.750198	-1.0567
2.21493	-1.97697
2.12763	-1.90566
2.1623	-1.87139
2.05296	-1.90805
2.45347	-2.43615
2.24938	-2.27039
2.01164	-1.97087
1.739	-1.70633
1.51421	-1.61381
1.01235	-1.20825
0.507128	-0.963269
0.263456	-0.930285
0.15721	-1.02399
0.314032	-1.24564
0.563401	-1.44205
0.85975	-1.60408
0.987538	-1.51672
0.812644	-1.30603
0.938085	-1.35263
1.07671	-1.53203
1.02821	-1.24738
0.941983	-0.993043
1.05432	-1.22643
0.804458	-0.925737
0.117378	-0.330111
0.223205	-0.130134
0.420913	0.369642
0.658795	0.546037
0.577467	0.405726
0.677188	0.81771
0.764542	0.779056
0.79372	0.829015
0.697134	0.689735
0.469154	0.271516
0.288537	0.31086
0.321774	0.0150448
0.856994	-0.440503
1.91328	-1.64786
2.31222	-1.85616
2.28661	-1.89204
2.00222	-1.61888
1.99303	-1.58577
2.34526	-2.00933
2.54511	-2.16883
3.10816	-3.22778
3.09369	-3.1756
3.21613	-3.16059
3.56931	-3.38679
2.79529	-2.31619
2.55379	-1.98374
2.15142	-1.57922
1.86371	-1.23813
1.12363	-0.679606
0.671554	-0.274745
0.905792	-0.519198
0.947776	-0.679243
1.37465	-1.05887
1.12505	-0.745431
1.14502	-0.853668
1.08644	-0.619817
0.910024	-0.248679
1.03124	-0.42753
1.06959	-0.239437
1.10262	-0.362447
1.1011	-0.0569137
0.728255	-0.288919
1.11628	-0.466306
0.981472	-0.378662
1.06936	-0.00723613
1.1344	-0.310428
1.04948	-0.216513
0.847088	-0.121724
0.958904	-0.320388
1.38383	-0.914605
1.12883	-0.778767
1.41034	-1.02954
1.15995	-1.0765
1.12935	-1.04436
1.49293	-1.38571
1.38528	-1.08403
0.833095	-0.799617
0.803931	-0.967631
0.944071	-1.26353
0.689012	-1.25453
0.911921	-1.24225
0.710344	-0.986335
0.376385	-0.812136
0.0584339	-0.520082
0.100554	-0.549002
0.162019	-0.312216
0.311757	-0.281102
0.417979	-0.0490113
0.490393	0.303081
0.640411	0.417698
0.408869	0.383532
0.573262	0.358311
0.487709	0.384831
0.756492	0.585976
0.487744	0.242859
0.441849	-0.387975
1.39462	-1.5428
1.94936	-2.0728
1.92672	-2.02213
2.42239	-2.91204
2.31154	-2.78771
2.04835	-2.36043
2.12314	-2.54139
1.94077	-2.28175
1.97964	-2.38333
2.44322	-2.881
2.69818	-3.13665
2.6878	-3.00105
2.85152	-3.29094
2.66295	-3.05437
2.23296	-2.3588
2.56142	-2.85856
2.37101	-2.72211
2.41496	-2.84705
2.29861	-2.73155
0.644166	-0.770054
-0.167816	-0.627154
0.0776157	-0.618951
0.437985	-0.527202
0.23807	-0.590151
0.233105	-0.869138
0.457051	-0.537603
0.29377	-0.353963
0.0833547	-0.587589
-0.120692	-0.297069
-0.066382	0.026277
1.04759	-0.885214
1.81197	-1.78426
2.00527	-1.88897
2.2804	-2.20969
2.44577	-2.31078
2.77494	-2.61537
2.84968	-2.46466
2.87019	-2.31915
1.94261	-1.17047
0.761009	-0.612039
0.612347	-0.0239821
0.899362	0.0997936
1.1612	0.468106
1.15798	0.146388
0.935799	0.0949564
0.911687	0.34144
0.83886	0.00177479
1.1927	-1.27779
0.724016	-0.933514
0.426164	-0.731215
0.374029	-0.718308
0.448092	-0.788988
0.532842	-1.09036
0.766558	-0.691611
1.00169	-0.826306
0.86143	-0.714935
0.796544	-0.499755
0.899816	-0.378484
1.04295	-0.449437
0.965093	-0.590163
1.68625	-1.21257
2.02449	-1.34435
2.48194	-1.9336
2.62852	-2.13245
2.30763	-1.75253
3.29228	-3.9816
2.99918	-3.78915
2.5356	-3.06751
2.64588	-3.17896
2.81501	-3.46775
2.53595	-3.09683
2.46762	-2.9959
2.45121	-2.96689
2.27495	-2.44592
2.17793	-2.31544
2.41417	-2.49709
1.67116	-1.46199
1.97321	-1.90186
1.62216	-1.32615
2.08481	-2.09007
2.35266	-2.41641
1.81811	-2.00288
1.83331	-2.09371
1.57961	-1.87259
1.18307	-1.13113
1.37302	-1.22899
1.34791	-1.11329
1.17001	-1.05448
1.1742	-0.825147
0.826602	-0.721519
1.06588	-0.822544
0.859833	-0.614459
1.49628	0.690718
1.39558	0.218142
0.470405	0.183653
0.0522384	0.0111552
0.190487	-0.396985
0.232162	-0.719707
0.609342	-0.926748
1.00803	-1.20866
2.06364	-2.38411
1.77368	-2.02768
1.63478	-1.8476
1.11858	-1.09838
0.738813	-0.883665
0.90903	-0.922796
0.986277	-0.839713
0.948237	-0.637859
0.979968	-0.65215
0.991028	-0.734925
1.08758	-0.468318
1.00544	-0.645719
0.912593	-0.483667
0.983212	-0.279172
0.924977	-0.518808
0.803524	-0.378089
1.65197	-1.26613
1.71893	-1.02217
2.23985	-1.864
2.53059	-2.41551
2.93016	-2.91399
2.56879	-2.02922
1.56462	-1.04233
0.4813	-0.0893666
0.158879	-0.111744
0.413981	0.281559
0.480234	0.394027
0.431064	0.311657
0.439185	0.114338
0.669943	-0.0602143
0.671635	-0.119742
0.613967	0.000872639
0.357824	0.27065
0.417633	0.558892
0.251632	0.129885
0.357446	0.101304
0.330156	0.0608407
0.219606	-0.228931
1.94982	-2.2052
1.95623	-2.04684
1.26105	-0.886255
1.35954	-1.35117
2.45561	-2.32099
3.24927	-3.68189
2.88498	-2.69479
2.33294	-1.91004
1.68463	-1.03536
1.58618	-0.734363
1.55979	-0.539745
2.00456	-1.3755
2.14936	-1.74017
2.16877	-1.81226
2.05461	-1.57142
2.39191	-2.02141
2.3337	-1.93512
2.12291	-1.62402
2.38826	-1.90464
2.58695	-2.16238
2.44173	-2.13256
2.67248	-2.18032
2.70291	-2.5199
2.66522	-2.35189
2.61846	-2.04648
2.72906	-2.23194
2.77498	-2.46667
2.64455	-2.49232
2.54351	-2.487
2.0754	-1.7887
1.40932	-1.04803
1.12536	-0.510654
0.863834	-0.303864
0.758236	-0.236105
0.860094	-0.358355
1.06404	-0.711135
1.1975	-0.622318
0.6697	-0.052246
0.685499	-0.00586423
0.818539	-0.086575
0.658765	0.40813
0.469519	0.424708
0.498355	0.552018
0.48696	0.37349
0.448526	0.698621
0.230797	0.658111
0.370871	0.556835
0.467854	0.724696
0.444507	0.778803
0.284663	0.58032
0.141928	0.182713
-0.0131779	0.296515
0.181172	0.610566
0.312757	0.621791
0.242963	0.391804
0.590879	0.168577
0.86586	0.00588255
0.80971	0.214137
0.890882	-0.159196
1.01521	-0.348563
0.751498	-0.16587
0.681264	-0.043087
0.952808	-0.237415
1.0481	-0.313085
0.81303	0.0179886
0.93129	-0.256952
0.97831	-0.196447
0.560243	-0.301003
0.941867	-0.252463
0.793143	-0.00756794
0.990367	-0.457091
1.01493	-0.262242
0.986389	-0.120775
0.875641	-0.243886
0.860504	-0.1755
1.05245	-0.361922
1.09588	-0.322401
0.97404	-0.322063
0.921748	-0.824761
1.13	-0.71696
1.30589	-1.22326
1.36157	-1.24605
0.153484	-0.198023
0.376986	-0.189993
1.39572	-0.966703
1.2887	-0.818815
1.17284	-0.554224
0.865329	-0.121561
0.842435	-0.100164
0.508247	0.113924
0.617622	-0.158381
0.593703	-0.446855
0.394071	-0.145906
0.228413	-0.116594
0.278697	-0.168695
0.261365	-0.055271
0.201173	0.213618
0.117531	0.142182
0.142918	0.133826
0.23934	0.284355
0.232033	0.0576029
0.654456	-0.215575
1.22906	-0.616897
1.66189	-1.00178
1.6048	-0.672776
1.71656	-0.755521
1.96839	-1.09346
2.4528	-1.91672
2.98928	-2.71778
2.48173	-1.89588
3.10748	-2.82947
2.52097	-1.98192
2.4957	-2.37261
2.18183	-2.31602
2.02676	-2.0237
2.11852	-2.10804
2.12812	-2.20207
1.64216	-1.38641
0.546833	-0.111214
-0.470446	-0.00542796
-0.469832	-0.399829
-0.232549	-0.448748
-0.39481	-0.0806897
-0.170941	0.499001
0.433338	0.0366996
0.751458	-0.20279
0.640959	0.107971
1.0525	-0.468458
1.07739	-0.390807
1.0758	-0.646445
1.43565	-1.09845
1.02148	-0.760712
0.574129	-0.40102
0.158331	-0.141121
0.0340883	0.0271901
0.210849	0.459977
0.121599	0.519635
0.271646	0.499812
0.845317	0.971618
0.43478	0.486802
0.444065	-0.0563511
0.286497	-0.363227
0.395245	-0.182497
0.660316	-0.0366708
0.69932	-0.337717
0.67147	-0.0815984
0.498408	0.0515477
0.917515	-0.913444
1.01104	-1.00081
2.10934	-2.38962
1.55283	-1.86894
1.22354	-1.48605
1.50446	-1.80195
1.90796	-2.14681
1.45196	-1.33824
1.02102	-0.813549
0.790211	-0.566598
0.669688	-0.60352
0.543144	-0.442817
0.572749	-0.531274
0.750086	-0.834517
0.35294	-0.461869
0.301418	-0.247035
0.0348382	-0.0450953
-0.0334098	-0.0687234
-0.167796	-0.233039
0.390887	-0.628795
0.979606	-1.31345
0.764221	-1.05007
1.22587	-1.2324
1.33179	-1.14837
2.18843	-1.74418
2.07614	-1.5224
2.09671	-1.52828
2.28422	-1.55901
2.4466	-1.50222
2.91518	-2.27991
3.362	-2.89259
2.60736	-1.91015
3.51234	-2.97641
2.67532	-1.61545
1.88319	-0.924532
1.97087	-1.29436
1.66519	-0.805541
1.55336	-0.690181
1.47728	-0.819321
1.52615	-0.930139
1.94288	-1.54996
2.30896	-1.70936
2.46891	-1.95576
2.67242	-2.28098
2.59197	-2.08129
3.07056	-2.95516
2.68532	-2.50447
2.23947	-2.16093
2.93311	-3.44294
2.43307	-2.5103
2.20772	-2.06029
2.22272	-1.72267
1.55419	-1.17603
1.26218	-0.771046
1.8033	-1.49814
2.09	-2.17632
2.19136	-2.5254
2.34365	-2.57034
2.57093	-2.82393
2.63919	-2.75582
1.79092	-1.52603
2.46454	-2.40175
2.12341	-1.80951
2.42275	-1.72857
2.85084	-2.35228
2.85998	-2.81791
2.29292	-1.95028
1.88956	-1.33267
1.70504	-1.01966
1.72204	-1.13852
1.27281	-0.664896
0.716531	-0.391515
0.890183	-0.334973
1.14387	-0.709721
1.18306	-0.502141
1.27773	-0.65395
1.09754	-0.499769
1.30134	-0.601453
0.931857	-0.184329
1.03315	-0.374771
1.1919	-0.22185
0.906197	-0.269596
1.20056	-0.472325
1.36703	-0.663605
1.20316	-0.180418
0.935111	-0.231095
1.20184	-0.464969
0.851265	-0.0877371
1.29546	-0.756894
1.14565	-0.42268
0.917826	-0.0472351
1.14231	-0.0585248
1.13214	-0.344903
1.1302	-0.313904
1.10221	-0.201904
0.928074	-0.143783
1.09127	-0.2107
0.995953	-0.559739
1.11556	-0.153018
0.861505	-0.127785
0.436554	0.154193
0.784408	-0.255328
1.67714	-1.16948
1.58224	-0.965836
1.32001	-0.780383
1.84778	-1.23011
1.77136	-1.23426
1.91214	-1.43299
1.76832	-1.35154
2.1369	-1.83393
1.74953	-1.29291
1.47587	-1.1648
2.18853	-2.7875
2.00599	-2.50777
2.12039	-2.79022
2.22044	-3.01354
2.00702	-2.61896
2.07041	-2.7279
2.00058	-2.47873
2.02684	-2.44444
1.14886	-1.12986
1.46022	-1.14889
1.34177	-1.00782
1.02928	-0.908152
0.848167	-0.943542
1.54242	-1.72991
1.92516	-2.14871
1.76513	-1.80933
1.66595	-1.48048
1.89131	-1.59862
1.89596	-1.46629
2.06472	-1.64547
1.76268	-1.21663
1.71487	-1.14404
1.49923	-0.874091
1.57528	-0.996493
1.72315	-1.21377
2.086	-1.71965
1.47126	-0.963772
1.49876	-0.951395
1.40948	-1.14721
1.15845	-0.815569
1.15321	-0.651966
1.15086	-0.367035
1.18931	-0.583876
1.0284	-0.469165
1.09598	-0.419127
0.731957	-0.223961
1.86209	-1.86998
2.49296	-2.56742
2.5587	-3.22768
1.32441	-1.35872
2.29454	-2.61742
2.00317	-2.12272
1.96842	-1.62514
2.36206	-2.13959
2.26086	-1.73081
2.37476	-2.18479
2.18226	-1.94261
3.55383	-3.66238
2.89272	-2.47298
2.68067	-1.90997
2.38338	-1.68204
2.30903	-1.87263
1.80825	-1.27183
2.34208	-1.99036
1.47146	-1.07698
1.22821	-0.707861
1.32184	-0.64275
1.17951	-0.627504
0.863675	-0.361341
0.997721	-0.520994
0.920704	-0.443107
0.638159	-0.287964
0.44179	-0.234908
0.580343	-0.0879833
0.65079	-0.404958
0.571101	-0.871773
0.27466	-0.964149
0.251741	-0.867971
0.356643	-0.522681
0.592866	-0.737769
0.993879	-1.09821
1.32629	-1.49993
0.966612	-0.970913
0.821464	-0.697436
0.854342	-0.67727
0.839259	-0.582102
1.13643	-0.824095
1.69211	-1.45
2.24512	-1.98
2.05467	-1.47585
2.1349	-1.60212
1.81618	-1.39577
2.0524	-1.87316
1.67189	-1.49015
1.49844	-1.30434
0.608287	-0.592122
0.320801	-0.238906
0.535376	0.0308205
0.551652	0.421169
0.651603	0.522207
0.447324	0.656101
0.555349	0.464137
0.606105	0.502176
0.448181	0.435423
0.54665	0.146693
0.961907	-0.366401
1.267	-0.97883
1.74676	-1.54502
1.5239	-1.0938
1.31844	-0.865691
1.49366	-0.955135
1.77787	-1.44901
1.86209	-1.5068
1.6582	-1.49107
0.445215	-0.671645
-0.166901	-0.00717533
0.174133	0.0661084
1.00457	-0.169657
1.36675	-0.748593
1.22261	-0.958436
1.10012	-0.720085
1.08678	-0.746915
0.777246	-0.148289
1.15786	-0.709732
0.996049	-0.464083
1.06724	-0.434695
1.21497	-0.497932
1.29412	-0.608966
1.24363	-0.613856
1.39571	-1.00352
1.59441	-1.28504
1.42255	-0.777586
1.65698	-0.946077
2.13982	-1.4187
2.62508	-2.0683
2.39109	-1.70512
2.53184	-1.82496
2.29824	-1.38787
2.64922	-2.05259
2.85692	-2.52894
3.02714	-2.88612
2.27808	-1.8619
0.970287	-0.687168
0.179969	-0.268876
-0.186047	-0.232831
0.184515	-0.301236
1.04715	-1.08296
1.00435	-1.20149
0.602316	-0.997409
0.519899	-1.03746
0.400035	-1.12315
0.216014	-0.888004
-0.184806	-0.815327
-0.0673817	-0.782406
0.547475	-1.22508
0.435887	-1.16516
0.412022	-0.90904
0.896324	-0.781219
0.61941	-0.281371
0.690077	-0.20122
0.724282	-0.136468
1.1137	-0.611075
1.02364	-0.474385
1.19416	-0.427129
0.84352	-0.165444
1.08027	-0.232732
0.919658	-0.196373
1.04016	-0.176053
1.08698	-0.222576
1.00419	-0.263568
1.06329	-0.49222
0.948597	-0.378602
0.72568	-0.237641
0.61464	-0.314147
0.688493	-0.281692
0.907866	-0.342839
1.09864	-0.783201
1.01698	-0.482458
0.920666	0.0192472
1.01095	-0.351542
1.09688	-0.402696
1.22859	-0.513734
0.932893	-0.137025
0.930705	-0.15048
0.960463	-0.0414309
1.03148	0.0650128
1.04936	-0.111575
0.866189	-0.0674747
0.82806	-0.485581
0.875489	-0.143316
0.998682	-0.128056
0.818147	-0.100937
0.907945	-0.0705312
1.05915	-0.370068
0.927462	-0.174572
1.05286	-0.277811
0.990108	-0.680706
0.946688	-0.783115
1.40069	-1.15863
1.83826	-1.6774
1.67508	-1.14196
2.22989	-2.26208
2.51112	-2.56105
2.38244	-2.27352
1.89113	-1.67807
1.73843	-1.57023
2.04239	-2.08848
2.04552	-2.10877
1.46064	-1.18788
1.41264	-1.29156
1.14308	-0.797612
1.53724	-1.31856
1.42376	-0.929895
1.23571	-0.274123
1.18872	-0.425795
1.23287	-1.65574
1.13899	-1.42372
0.731405	-0.969158
0.7752	-0.969513
0.838022	-0.958319
0.938699	-0.825072
1.19742	-0.777017
0.924814	-0.354844
0.955388	-0.683799
1.01427	-0.884458
0.719203	-0.845108
0.678507	-0.445857
0.87298	-0.53609
1.11621	-0.745697
1.14209	-1.01011
1.65763	-1.47177
1.22029	-0.902402
1.25664	-0.936516
1.22504	-0.942232
1.03145	-0.715764
1.00963	-0.707147
1.07143	-0.947058
0.323695	-0.33567
-0.184408	-0.0220966
-0.308316	-0.128117
-0.150006	-0.0809367
0.0675802	-0.0789542
1.02502	-0.732438
0.265463	-0.1191
0.374683	-0.584109
0.538419	-0.715209
1.10757	-0.994955
1.08611	-0.68138
0.993484	-0.362495
0.988411	-0.536449
0.256296	-0.56251
0.742854	-0.491638
1.06953	-0.779829
1.534	-1.37262
2.04847	-2.11544
1.89554	-2.01953
1.59612	-1.53629
1.68412	-1.47354
1.98789	-1.79605
2.09384	-1.9427
1.74979	-1.53409
0.548843	-0.527753
0.519302	-0.594518
0.227163	-0.464153
0.196314	0.00927186
0.212874	0.218599
0.150238	0.349292
0.501458	0.401475
0.570751	0.592546
0.465328	0.328114
0.559271	0.272457
0.685216	-0.0147866
0.46315	-0.350552
0.679803	-1.16522
0.727643	-1.32553
0.49793	-0.972577
0.529075	-1.0771
0.589959	-1.2358
0.626896	-1.26519
0.545381	-1.2826
0.719377	-1.36033
0.916261	-1.55726
0.89315	-1.50627
1.00977	-1.53166
1.05946	-1.45992
1.22506	-1.48149
1.18504	-1.33275
1.06815	-1.09732
1.1174	-1.06318
1.15018	-1.02721
1.21512	-1.03293
1.25591	-1.02817
1.27898	-0.970698
1.41524	-1.05857
1.90962	-2.10256
2.86798	-3.77332
2.57613	-3.21362
2.10807	-2.42517
2.51055	-3.04649
2.32437	-2.70394
2.42065	-2.73834
2.61677	-3.21076
2.91729	-3.62735
2.48713	-2.8407
2.72965	-3.18358
2.96237	-3.67839
1.86053	-2.02255
1.72384	-1.6053
1.96584	-1.83765
1.67452	-1.27965
1.78413	-1.41489
1.66059	-1.15567
1.25992	-0.839478
0.537646	-0.244487
0.166643	-0.0764426
-0.18309	0.0248405
-0.21676	0.0493147
-0.193982	0.0742026
0.0498778	-0.156032
0.0323528	-0.0866265
0.848278	-0.719196
1.38157	-1.30882
1.48647	-1.60803
1.37072	-1.55897
1.59978	-1.84104
1.49251	-1.58299
1.2823	-1.0119
-0.0239024	-0.329784
-0.118317	-0.537296
0.677828	-0.614776
1.36314	-1.09964
1.46708	-1.16402
1.25005	-0.870113
1.35433	-0.85277
1.16474	-0.488954
1.61543	-0.942836
1.57798	-1.12731
1.58431	-1.15682
1.75027	-1.29219
1.76475	-1.22628
1.66241	-1.08127
1.63397	-1.13442
1.85739	-1.28887
1.73724	-1.20293
1.78545	-1.25697
1.70231	-1.25306
1.51431	-1.13222
1.6009	-1.31254
1.81916	-1.57388
2.03416	-1.81232
1.99677	-1.8054
2.43406	-2.25423
2.26205	-1.79454
2.01442	-1.47926
1.86481	-1.66336
0.367523	-0.350152
0.133896	-0.287006
-0.0445649	-0.0881422
-0.16809	0.234662
0.393782	0.331771
0.561114	0.341707
0.512021	0.539466
0.638766	0.341327
0.535359	0.39067
0.735619	-0.514773
1.00572	-0.502398
2.00936	-1.36016
1.90685	-1.27805
2.05627	-1.49036
1.52849	-0.842564
1.71097	-1.15701
1.2581	-0.614102
1.37325	-0.852997
1.25029	-0.802936
0.966377	-0.502802
1.21748	-0.714983
0.819891	-0.469751
0.971026	-0.670747
1.05727	-0.694607
0.775253	-0.383928
1.04729	-0.406061
0.978216	-0.465521
0.790627	-0.135011
0.604848	0.0581265
0.3542	-0.61802
0.489006	-0.672433
0.526466	-0.781455
1.13498	-1.31265
1.72129	-1.63156
1.97968	-2.12574
2.27619	-2.37003
2.55632	-2.84797
2.0142	-2.04813
2.08714	-1.95474
1.68654	-1.35101
1.45014	-1.35323
0.789764	-1.00436
0.10771	-0.17671
0.126301	0.182832
0.206132	0.344249
0.423228	0.139692
0.407362	0.0443862
0.568088	0.222249
0.646948	0.413038
0.591757	0.138185
0.583779	0.201527
0.596401	-0.13941
0.781534	-0.211148
0.732639	-0.560524
0.549665	-0.596351
1.50691	-1.23045
0.505144	-0.366337
0.408635	-0.495014
0.283411	-0.54729
-0.300605	-0.426795
1.25582	-1.35971
1.29141	-1.41074
1.40369	-1.529
0.990988	-0.945129
0.915659	-0.802094
0.081869	-0.12752
-0.161844	0.0411065
-0.00983003	0.0490002
0.265929	0.491089
0.270425	0.319074
0.235458	0.359439
0.191159	0.477987
0.263699	0.392815
0.481846	0.202936
1.18933	-0.590522
1.21203	-0.487017
1.22654	-0.715324
1.65586	-1.20875
2.29782	-2.14772
2.25568	-1.72225
2.5913	-2.41135
2.66899	-2.43939
2.9391	-2.57426
2.84178	-2.37306
1.87769	-1.55808
1.02108	-0.760543
2.73187	-2.55304
3.43615	-3.85032
2.07479	-1.8537
1.87023	-1.67409
2.37778	-2.77905
2.3135	-2.68922
1.87433	-1.95181
1.73536	-1.79703
1.54611	-1.3267
1.50818	-1.25796
1.01801	-0.632283
1.18508	-0.842987
0.770769	-0.484705
1.33795	-1.09475
1.18381	-1.05564
0.577918	-0.540728
0.731044	-0.31612
0.129581	0.0972069
-0.00618742	0.22967
0.467161	0.513258
0.554515	0.58729
0.525969	0.28326
0.422513	0.378913
0.500506	0.376704
0.48314	0.410884
0.384547	0.0432192
0.581491	0.258984
0.509481	0.266068
0.5657	0.239357
0.481138	0.43515
1.0423	-0.639328
0.962732	-0.107452
0.941241	-0.224425
0.906777	-0.0622463
1.04978	-0.224574
0.977172	-0.281619
0.898515	-0.0730178
0.774013	-0.0995673
0.974423	-0.217058
0.992091	-0.179284
1.0157	-0.170595
1.10515	-0.238012
0.847227	-0.385541
0.981537	-0.219425
1.04699	-0.478791
0.827776	-0.13305
1.16949	-0.513737
0.954575	-0.402699
0.952558	-0.352981
1.09249	-0.372702
0.820343	-0.175831
0.897589	-0.157492
0.835091	-0.324913
0.582496	-0.235719
0.682477	-0.71143
0.858466	-0.876393
-0.283681	-0.55654
-0.36908	-0.703979
-0.259103	-0.851823
-0.190016	-0.91597
-0.12245	-0.949019
-0.0249705	-0.966895
0.0631136	-0.91169
0.260408	-0.911964
0.57417	-0.924387
1.32364	-1.53051
1.75069	-1.82576
2.19347	-2.25548
2.1063	-1.61919
2.43294	-1.86426
2.26785	-1.75955
2.17311	-2.34627
2.18446	-2.35457
1.99018	-1.9534
2.22729	-2.30568
1.38736	-0.977168
0.782117	-0.0422683
3.07499	-2.5959
1.94483	-0.913124
1.57586	-0.447089
1.23865	-0.0595417
1.06284	0.123256
1.0262	0.116012
1.13441	0.0520176
1.23238	-0.20835
1.21788	-0.626707
1.47123	-1.188
1.53605	-0.992503
1.22779	-0.904876
0.876598	-0.360147
0.552149	0.23371
0.837066	0.151601
0.862219	-0.312415
0.623488	-0.380569
1.1533	-0.600358
0.518431	0.0115409
0.107643	0.29979
0.110806	0.267984
0.157385	0.182076
0.165832	0.220406
0.846033	-0.642639
1.13157	-0.771408
1.13513	-1.03057
1.22721	-1.20508
0.321103	-0.133596
0.414358	-0.0401085
0.866462	-0.163023
1.17896	-0.813834
0.879958	-0.512181
1.57533	-0.976304
2.08838	-1.57556
1.4236	-0.899856
1.36554	-0.819289
1.33216	-0.785832
1.3662	-0.896622
1.85214	-1.96069
1.68195	-1.80362
2.17273	-2.54066
2.6156	-3.17134
2.50508	-2.80349
3.06534	-3.65108
2.53143	-2.73422
2.66855	-2.89332
2.64635	-3.06329
2.5037	-2.94403
2.31243	-2.73792
2.53033	-3.15873
2.78062	-3.52853
2.14265	-2.48831
2.41225	-2.97838
2.18903	-2.69664
2.01095	-2.44289
1.83036	-2.15078
1.66269	-1.909
1.73971	-1.74837
1.39631	-1.01082
1.08943	-0.41886
1.0171	-0.349588
0.777605	-0.15002
0.69006	-0.0972328
0.69804	-0.127039
0.650908	-0.101942
0.803563	-0.263281
0.80978	-0.274141
0.965531	-0.56187
1.16417	-0.894284
1.67024	-1.50409
1.31285	-0.822757
1.39931	-1.14822
1.58114	-1.14092
1.09848	-0.678761
0.766997	-0.378226
1.02288	-0.740633
1.59588	-1.43187
2.09914	-2.23246
2.39086	-2.59321
2.88797	-3.43503
2.24721	-2.65437
1.7889	-2.17983
1.60867	-1.96852
1.51713	-1.77784
1.08856	-1.02639
0.963708	-0.607291
1.33674	-0.805553
1.52134	-0.967431
1.41624	-0.81611
2.42905	-2.04042
1.9853	-1.3151
1.68974	-1.15337
1.73201	-1.05252
1.55306	-0.832435
1.35438	-0.675988
1.59533	-0.802079
1.47444	-0.798833
1.44367	-0.691441
1.37137	-0.853324
1.25827	-0.80068
1.17874	-0.898245
1.73433	-1.32257
1.58328	-1.30415
1.91656	-1.62486
1.97306	-1.64469
2.1389	-1.77666
2.08519	-1.71344
2.42814	-2.12
3.31135	-3.37978
3.95224	-4.38384
3.70029	-4.03985
3.28174	-3.80393
2.34986	-2.6481
2.45558	-2.66699
2.84897	-3.3801
2.16136	-2.37333
1.76909	-1.47421
1.32473	-1.01693
1.28946	-1.30111
1.18368	-1.0651
0.278086	-0.331543
0.215345	0.110591
0.443793	0.42814
0.68101	0.696558
0.511535	0.534914
0.471499	0.327599
0.577177	0.458855
0.606721	0.338223
0.547023	0.398059
0.65159	0.20085
0.582133	-0.0499902
0.496798	-0.580536
0.394893	-0.539442
1.20487	-1.5071
0.820943	-1.09051
0.875288	-0.923433
1.01105	-0.958638
1.44475	-1.32747
1.2085	-0.801165
2.04146	-1.89614
1.5931	-1.45185
1.10072	-0.944115
0.550028	-0.351803
0.424874	0.00255539
0.299715	0.252353
0.333671	0.361751
0.481087	0.742775
0.614028	0.81499
0.815799	0.778513
0.76261	0.30994
1.12772	-0.499916
0.807978	-0.152474
0.768645	-0.335688
0.818662	-0.3643
0.678587	-0.075577
0.603583	0.0662506
0.74633	0.14596
1.18761	-0.934201
1.91866	-1.60076
1.54852	-0.210633
2.17141	-1.22112
2.12348	-1.37031
2.50282	-1.88125
2.96071	-2.52455
2.98024	-2.30922
2.38378	-1.43385
2.13829	-1.10928
1.84056	-1.28221
2.05468	-1.85117
2.11625	-2.18062
1.85416	-1.67832
1.10727	-0.763804
0.414961	0.0422816
0.389007	0.217298
0.424889	0.238836
0.565138	0.169954
0.594691	0.366774
0.382118	0.538268
0.168138	0.254311
0.536446	-0.0153179
0.326769	0.0728379
0.430821	-0.434985
0.713787	-1.0762
0.819895	-1.26095
0.630521	-1.14611
0.769383	-1.24196
0.878408	-1.44365
1.07734	-1.50172
1.20623	-0.978003
0.905516	-0.477793
0.966754	-0.611578
0.907142	-0.234265
0.820754	-0.148072
0.89503	-0.219892
1.04657	-0.505422
0.92027	-0.317444
1.29399	-0.35726
1.26977	-0.322267
0.981746	-0.249325
1.25323	-0.407739
1.01775	-0.567305
1.14665	-0.61311
1.52947	-1.12283
2.19279	-1.44169
2.55545	-2.26194
2.20192	-1.77365
1.67007	-1.14655
1.73439	-1.32013
2.05105	-1.87194
1.62121	-1.31777
1.73021	-1.54153
1.35039	-1.25026
1.31242	-1.10016
1.03328	-0.934566
1.12163	-0.754712
1.11302	-0.463264
0.592937	-0.781406
0.872065	-0.774796
1.08139	-0.51903
1.01381	-0.742307
0.953034	-0.91483
0.956845	-0.952802
1.12557	-1.17445
1.13475	-1.07333
2.011	-1.78564
1.91047	-1.27906
2.11458	-1.90435
2.51608	-2.82979
1.95488	-1.94106
1.90256	-1.67453
2.32585	-1.6288
1.80052	-0.762821
1.68378	-0.849582
1.80916	-1.0579
1.43328	-0.950406
1.84322	-1.14214
1.41394	-0.73196
1.56806	-0.775043
1.47129	-0.420824
1.18487	-0.749205
1.37607	-1.22231
1.27441	-1.33838
0.954611	-0.59919
0.95231	-0.705614
0.842295	-0.831513
0.935214	-0.948233
1.088	-0.836834
0.912053	-0.773222
1.11572	-0.766247
0.829064	-0.398713
1.06907	-0.483434
1.01151	-0.459105
0.985253	-0.325501
0.919828	-0.136142
1.06168	-0.409786
1.05093	-0.234409
1.08766	-0.140134
1.22202	-0.201086
1.13131	-0.242135
1.06663	-0.174724
0.955028	-0.449589
0.909465	-0.173714
0.931988	-0.238656
0.980544	-0.191773
1.28043	-0.625254
1.00473	-0.285321
1.60784	-1.00619
1.67362	-0.948528
1.47761	-0.827475
1.88117	-1.36144
1.53239	-0.849132
1.44298	-0.613121
1.28616	-0.502509
1.59683	-0.69223
3.20932	-3.32683
2.57764	-1.92561
1.98312	-1.15981
2.18421	-1.45472
2.04006	-1.25073
2.06225	-1.30069
2.19557	-1.4346
2.26484	-1.54352
2.471	-1.83881
2.22408	-1.62631
1.97883	-1.31297
1.46298	-0.702715
1.40175	-0.655668
1.57535	-0.830968
1.76524	-1.12854
2.09763	-1.72153
2.34314	-2.07906
2.77299	-2.55731
3.34762	-3.86404
1.93541	-2.04754
1.77332	-1.73774
1.78778	-1.78209
1.7206	-1.46837
1.97798	-1.57801
0.104556	-0.0616752
0.26726	0.190718
-0.238878	0.326745
-0.201997	0.151028
-0.0950896	0.230387
0.244857	0.318399
0.343471	0.0894198
0.0748724	-0.288937
0.316266	-0.395134
0.639082	-0.309573
0.211628	0.223714
0.11538	0.373781
-0.0567251	0.268337
0.0825834	0.085136
-0.119454	0.218634
-0.348529	0.451612
-0.444616	0.350355
-0.750833	0.689852
-0.490136	0.644359
-0.489901	0.64016
-0.321907	0.403647
0.097663	0.294338
0.491375	-0.0460302
0.179907	-0.0698243
0.254029	-0.0488126
0.977904	-0.832411
1.22104	-1.10766
2.08768	-2.05857
1.74141	-1.44621
2.00379	-1.89196
2.1813	-2.43886
1.94792	-2.27487
1.62938	-1.79658
1.69938	-2.03272
1.42832	-1.7494
1.1646	-1.50622
1.13956	-1.54731
1.18229	-1.62066
0.851225	-1.29099
0.635446	-1.08564
0.488534	-0.980619
0.5139	-1.02131
0.590157	-0.981619
0.7358	-1.06876
0.945959	-1.16415
1.41853	-1.45043
1.36269	-1.2622
1.72597	-1.32239
1.83041	-1.32107
1.93388	-1.44514
2.04261	-1.34486
2.26227	-1.48257
2.03728	-1.40815
1.52296	-0.53361
1.75632	-0.905275
2.53101	-1.96562
1.61708	-0.709346
1.2354	-0.298131
1.14705	-0.459421
1.09025	-0.479033
1.7424	-1.22018
1.51817	-1.3055
1.51519	-1.09609
1.64169	-1.34899
0.680217	-0.390276
0.358833	-0.0241523
0.353965	0.357981
0.609398	0.558573
0.676856	0.832217
0.41611	0.444371
0.400692	0.464443
0.385159	0.486001
0.434676	0.370993
0.53325	0.166925
1.15715	-0.813643
1.95371	-1.42242
1.78795	-1.00246
2.37377	-1.76395
2.46994	-2.11499
2.54703	-2.21754
2.68841	-2.44072
2.78671	-2.76062
2.8692	-3.20745
2.99775	-3.61782
2.47634	-2.67237
2.147	-1.97295
2.06213	-1.86939
1.83682	-1.87059
1.09073	-1.10348
1.54451	-1.4773
1.07109	-0.747004
0.984179	-0.593453
1.09267	-0.630675
0.712182	-0.144724
0.651551	0.146794
0.977485	-0.418401
1.26679	-0.597339
1.40892	-0.600466
1.31403	-0.699218
1.48498	-1.07437
1.66438	-1.29325
1.32177	-1.21503
2.17769	-2.15998
2.44777	-2.67308
2.30052	-2.67469
1.98249	-2.17953
3.06232	-4.22499
2.52246	-3.35125
1.75051	-2.12213
1.21734	-1.17285
1.3816	-0.978975
2.43232	-2.43166
2.21139	-2.1498
2.19612	-2.19803
1.75192	-1.47356
1.78778	-1.61822
1.59475	-1.45083
1.6273	-1.64215
1.82131	-1.71607
1.40239	-1.4127
1.42522	-1.59387
1.78712	-1.83985
1.70349	-1.98054
1.3003	-1.27502
1.42511	-1.48752
1.08537	-1.04968
1.22277	-1.04392
1.0616	-0.831317
1.48927	-1.12114
1.15341	-0.66378
1.00853	-0.536749
1.16091	-0.609254
0.89814	-0.185858
1.18902	-0.462816
0.796984	-0.196558
0.911096	-0.186865
1.07156	-0.293512
0.893588	-0.303525
1.06824	-0.293184
0.722531	-0.0293783
0.775859	-0.00205505
0.922323	-0.183384
0.775456	-0.198764
1.10031	-0.109255
1.19652	-0.459721
0.997756	-0.451089
0.864255	-0.173836
1.07886	-0.398506
1.0089	-0.42412
1.03762	-0.74917
1.29238	-1.05381
1.6656	-1.71959
1.1732	-0.853449
1.24048	-0.988889
1.60031	-1.26178
1.306	-0.988192
2.69477	-2.77576
2.59314	-2.2941
2.02836	-1.42261
1.92947	-1.14525
1.88939	-1.32742
1.8512	-1.05095
1.77222	-1.13382
1.52069	-0.904058
0.978679	-0.385246
1.14271	-0.632543
0.979298	-0.608863
0.927357	-0.765403
1.0857	-1.33882
0.861355	-1.12341
0.832863	-1.11457
0.904003	-0.958816
1.28078	-1.25576
1.03431	-0.687662
0.749928	-0.492844
0.749051	-0.538729
0.577624	-0.502675
0.912145	-0.531922
1.00547	-0.386086
0.917874	-0.0914838
1.20781	-0.54559
1.35098	-0.956399
1.60943	-1.26992
1.64036	-1.10609
1.93133	-1.30181
1.54607	-0.634487
1.30741	-0.501465
1.04202	-0.417136
1.14941	-0.962796
0.733763	-0.766446
0.589693	-0.575682
0.528538	-0.068896
0.336668	0.242768
0.553355	0.435896
0.791235	0.593906
0.828662	0.766276
0.867922	0.864852
0.561848	0.677096
0.744256	0.863262
0.530361	0.559786
0.753167	0.69589
0.885329	0.455326
0.741603	0.349683
0.64288	-0.531994
1.3421	-1.46818
1.1243	-1.08263
0.972022	-0.710726
0.977758	-0.620876
0.925177	-0.500566
0.992099	-0.422613
1.16422	-0.533704
1.28128	-0.53648
1.3656	-0.624817
1.57206	-0.766896
1.70929	-0.923048
1.67376	-0.793986
1.79846	-0.805935
2.13665	-1.292
1.88394	-0.99702
2.40775	-1.76095
2.03853	-1.0349
1.85149	-0.627968
1.9693	-0.725008
1.78436	-0.319221
1.61444	-0.164593
1.65197	-0.263094
1.91724	-0.719011
1.87197	-0.630002
1.95311	-0.760795
1.85737	-0.699638
1.33193	-0.461999
1.02682	-0.744603
1.57085	-1.28029
1.81084	-1.21048
1.54279	-0.644524
0.55245	0.0270284
0.350647	-0.183561
-0.269581	0.223825
-0.0189415	0.327988
0.0779869	0.547788
0.238026	0.382453
0.405797	0.549539
0.682567	0.623685
0.618533	0.684051
0.578929	0.627813
0.684268	0.776862
0.582398	0.292127
0.679281	-0.122452
0.781295	-0.427595
0.845519	-0.580748
1.26179	-0.862404
1.75679	-1.18064
2.20434	-1.4029
2.39805	-1.91895
2.80211	-2.77787
2.14497	-2.53696
2.37654	-2.93681
2.19669	-2.68491
2.31191	-2.86192
2.02484	-2.35433
2.12432	-2.55969
2.07864	-2.51317
2.01966	-2.47262
2.28408	-2.97655
2.55231	-3.36998
2.14436	-2.95437
1.44099	-1.99428
1.87662	-2.35185
1.88401	-2.25466
1.00954	-0.983349
1.09801	-0.931919
1.21729	-1.0871
1.2545	-1.10574
1.08883	-0.936505
1.53937	-1.59381
1.72879	-1.80723
1.85901	-2.03541
2.21641	-2.62781
2.06527	-2.67522
1.48773	-1.52846
0.938397	-0.837948
1.1888	-0.978937
1.08482	-0.966139
1.08304	-0.894084
0.317552	-0.0890832
0.309475	0.338932
0.0870252	0.334517
0.36982	0.265901
0.672791	-0.0437028
0.709546	0.135308
0.350377	-0.303402
0.483187	-0.308648
1.21442	-1.0071
1.97088	-1.80793
1.61283	-0.887647
1.26439	-0.457507
1.83258	-1.22371
2.3317	-2.08606
1.88672	-1.60311
1.67505	-1.37298
1.68166	-1.36871
1.16228	-0.681329
1.05069	-0.554572
1.07454	-0.578404
0.923856	-0.347997
1.05291	-0.168416
1.17854	-0.805941
1.01064	-0.803353
1.29538	-1.06256
1.57792	-1.34184
2.83484	-3.06291
2.79318	-2.94677
2.49329	-2.36191
2.4884	-2.26276
2.26453	-2.56419
2.25254	-2.64765
2.77054	-3.34939
2.5752	-3.12641
2.85727	-3.51905
2.59582	-3.09689
1.91551	-2.11479
0.949345	-1.12657
0.231488	-0.788968
-0.0278553	-0.728624
-0.165057	-0.817388
-0.130018	-0.899087
0.173039	-0.860181
0.618338	-0.878885
1.09527	-0.96778
1.58473	-1.42474
1.85702	-1.69353
2.16485	-2.12136
2.07617	-2.02192
2.23655	-2.23372
2.53552	-3.04082
2.27544	-2.91686
1.9717	-2.39523
2.26169	-2.86127
2.45981	-3.14059
2.20776	-2.71546
2.71483	-3.04105
2.78848	-2.76689
2.55887	-2.14396
2.43401	-2.04125
2.26522	-1.81291
2.50675	-2.16211
2.55794	-2.14117
2.81151	-2.54029
3.27484	-3.60463
2.82747	-3.10051
2.99388	-3.23736
2.84786	-2.91462
2.28122	-1.79224
1.8632	-1.40823
1.57146	-1.34781
1.29411	-1.17923
1.3935	-1.03464
1.07906	-0.614957
0.889948	-0.433307
0.968788	-0.46216
0.90124	-0.633735
1.21398	-0.600209
0.917246	-0.257898
0.806676	-0.550124
1.23165	-0.708839
0.923093	-1.0527
1.14954	-1.10299
0.580314	-0.412543
0.424526	-0.378492
0.414476	-0.436067
0.453675	-0.380319
0.536462	-0.303455
0.766156	-0.419903
0.561326	-0.449303
0.639864	-0.43505
0.453768	-0.439948
0.576408	-0.287263
0.212098	0.00721405
0.433222	0.107147
0.671399	0.0950144
0.756779	0.3122
0.897403	0.14208
0.71603	-0.220811
0.842551	-0.638465
1.09161	-0.555999
1.93723	-0.72802
1.74228	-0.372367
2.003	-0.717953
2.04241	-0.906152
2.86642	-2.41846
2.62969	-2.06882
2.50016	-1.75443
1.53368	-0.476762
1.38843	-0.622462
1.21313	-0.620984
0.0192056	0.0403954
0.0402589	0.229919
0.289497	0.505827
0.549526	0.608176
0.658995	0.838229
0.70088	0.807557
0.994761	1.02884
0.765763	0.600647
0.488755	0.700233
0.278078	0.266797
0.538405	0.071649
0.829672	-0.462937
0.906405	-0.626582
1.45455	-0.922207
1.62557	-0.512347
2.74038	-2.11827
2.79198	-2.47663
2.69475	-2.48491
1.76471	-1.20308
1.06721	-0.22589
0.778377	-0.139869
0.670972	-0.134985
0.744997	-0.258064
1.25053	-0.900617
1.21984	-0.910253
1.2164	-0.766706
1.08743	-0.848071
1.23403	-1.02081
1.17701	-0.802013
1.05472	-0.677682
1.80786	-1.64355
1.64451	-0.888903
2.00586	-1.54192
2.48532	-2.38181
2.25826	-2.01455
2.49202	-2.73924
2.43929	-2.53248
2.0924	-1.938
2.08646	-2.08183
2.42245	-2.39351
2.16568	-2.05566
2.20151	-2.10051
1.88246	-1.88621
2.00552	-1.88803
1.18745	-0.492345
0.833942	0.24348
0.675613	-0.0591011
0.839678	-0.344964
1.15962	-0.850256
0.949247	-0.892035
0.630129	-0.695925
1.2386	-1.30063
1.93803	-2.21244
1.99322	-2.16653
1.83415	-1.88262
1.7169	-1.70341
1.7211	-1.69793
1.67431	-1.60601
1.6805	-1.61918
1.60492	-1.62575
1.55703	-1.64484
1.77399	-1.77481
1.14761	-1.10593
1.25706	-1.10033
1.74678	-1.69428
1.97691	-2.04176
1.82778	-1.64178
1.424	-1.57676
1.5653	-1.57295
1.47553	-1.41616
0.700989	-0.621966
0.504921	-0.241863
0.405419	0.135816
0.455211	0.268245
0.503075	0.395779
0.517488	0.679784
0.590649	0.41091
0.236924	0.295301
0.37851	0.496334
0.630904	0.479401
0.571812	0.503761
0.693219	0.595925
1.10135	-0.701992
0.93684	-0.237933
0.977704	-0.333936
0.892083	-0.0924582
1.09633	-0.501697
1.0195	-0.440498
0.881633	-0.3769
0.959045	-0.445236
0.917967	-0.308391
1.17718	-0.686743
0.920925	-0.417733
1.32027	-0.739724
1.83775	-1.18307
2.15404	-1.09374
2.14431	-0.929368
1.89017	-0.696699
2.27152	-0.98483
1.76641	-0.922449
2.05853	-2.03502
2.45853	-2.62618
2.37108	-2.39374
2.5494	-2.84175
2.47248	-2.53583
2.78691	-2.57896
3.9039	-3.68282
4.04335	-4.10802
2.84681	-2.23224
3.18117	-2.95314
3.92897	-4.28429
3.50063	-3.33093
2.90906	-2.26255
3.28335	-2.58724
3.48803	-2.88764
3.37763	-2.85851
2.60588	-1.79577
2.64642	-1.99342
2.30024	-1.5338
2.23667	-1.71895
1.23333	-0.85946
0.548288	-0.669526
0.569292	-0.403117
0.780549	-0.697558
0.730914	-0.525703
0.396108	-0.389906
0.423661	-0.177829
1.69178	-1.29518
2.40908	-2.01884
2.36878	-2.1279
1.70578	-0.978245
1.44528	-0.477775
2.06878	-1.15612
2.37222	-1.84014
2.50699	-2.19337
2.42431	-2.24623
1.73408	-1.27023
1.49163	-1.03001
1.12871	-0.657825
0.954818	-0.546769
0.87495	-0.704291
0.989607	-1.17893
1.42422	-1.89243
2.41442	-2.25434
2.18077	-2.09136
2.28413	-2.39391
2.40878	-2.44486
1.52122	-1.31988
1.48688	-1.16809
1.34729	-0.912892
1.19207	-1.12799
0.406654	-0.251699
0.0386088	-0.0682997
0.227253	-0.142317
0.429262	0.263828
0.664882	0.559563
0.644569	0.607994
0.776461	0.605467
0.649493	0.0541629
0.605437	-0.171503
0.626728	-0.113979
0.686036	0.148769
0.801779	-0.168829
0.786176	-0.174863
1.09297	-0.254851
1.00384	-0.640051
1.04566	-1.21875
0.683621	-0.87686
1.00239	-1.42004
1.05752	-1.40405
1.39622	-1.79618
1.18307	-1.33392
0.215147	-0.523116
0.908863	-0.748314
1.524	-1.32916
1.42998	-1.1943
1.58039	-1.20669
1.34895	-0.818598
1.49396	-0.956567
1.57585	-1.06564
1.51846	-1.03291
1.7464	-1.45743
2.45537	-2.38658
2.25504	-1.77895
1.39009	-0.594893
1.30751	-0.708135
1.39963	-1.2317
1.67564	-1.76175
1.35787	-1.00278
1.23173	-1.05452
1.34264	-1.02993
1.2736	-0.920016
1.17071	-0.605302
0.952921	-0.294844
0.933515	-0.410618
1.90173	-1.45908
2.08874	-1.51828
2.01603	-1.52591
2.43667	-2.31938
2.74991	-2.68318
2.32922	-2.14278
2.20096	-1.84772
1.88413	-1.35935
1.71429	-1.20691
1.17906	-0.834408
1.44056	-1.0939
1.31326	-0.726337
1.2354	-0.917217
1.12827	-0.734179
1.10315	-0.527257
1.25055	-0.793848
1.40714	-1.08079
3.22777	-3.42351
2.60883	-2.46099
2.18947	-1.8066
2.20228	-1.67002
2.76733	-2.70745
3.13282	-3.82821
2.99246	-3.67291
2.81915	-3.3261
3.07831	-3.78151
2.62128	-2.70854
2.57202	-2.29368
1.7384	-0.987173
1.86994	-1.2155
1.75581	-1.09987
1.822	-1.25286
1.89604	-1.4273
2.09496	-1.79669
2.56787	-2.57946
2.30941	-2.17354
2.02238	-1.80161
1.70209	-1.21787
1.76187	-1.31124
1.65179	-0.951284
1.49049	-0.844938
1.1388	-0.46769
1.01248	-0.389015
0.592337	-0.53543
0.65576	-0.923934
0.247242	-0.606329
0.29431	-0.823471
0.207179	-0.877374
0.259443	-0.953054
0.572401	-1.17653
0.656179	-0.896752
1.14292	-1.18649
1.04087	-1.13672
1.15332	-0.863666
1.48712	-1.26541
1.09972	-1.10092
1.0665	-0.944851
1.04077	-0.913594
1.11544	-1.11235
1.20966	-1.28592
0.901389	-0.911877
1.09392	-0.835741
1.50013	-1.26739
1.99796	-1.7688
3.08513	-3.29522
2.57863	-2.28468
2.40553	-1.876
2.47553	-1.7771
2.4702	-1.54252
2.05058	-1.08328
1.9577	-1.39473
1.62324	-1.40129
1.72965	-1.69693
1.49594	-1.21266
1.02705	-0.602275
1.15527	-0.747181
0.74908	-0.1714
0.819076	-0.0570325
0.843398	-0.155458
1.40123	-0.863554
1.35971	-0.752855
1.23213	-0.59787
1.2594	-0.642026
2.12509	-1.20492
2.08278	-0.991256
1.54953	-0.987703
2.2802	-2.54153
2.07942	-2.33717
2.44752	-2.87825
2.49637	-2.92183
2.5292	-3.01778
2.02076	-2.23837
2.33854	-2.86379
2.36402	-2.74539
2.36157	-2.72315
2.45799	-2.93698
2.52669	-3.24576
2.37684	-2.89759
1.83711	-1.88733
1.78503	-1.32608
1.59724	-0.978701
1.91562	-1.35932
2.67044	-2.55172
3.1221	-3.14903
3.02794	-3.08946
1.9117	-1.33794
1.83503	-1.57159
1.52641	-1.38122
1.43907	-1.6444
1.65491	-1.91666
2.16083	-2.64385
2.14131	-2.59127
1.86636	-2.0849
1.47616	-1.36045
1.83081	-1.76816
2.11254	-2.01913
1.67424	-0.919076
1.06136	-0.147114
1.00716	-0.551794
0.0813687	0.308024
-0.0944309	0.0624067
-0.0616324	0.156166
-0.136989	0.29077
0.368021	0.616529
0.432423	0.59145
0.22142	0.76023
0.265612	0.616924
0.175388	0.544331
0.645329	-0.134041
1.5883	-0.748305
1.43358	-0.587158
1.50097	-0.777182
1.84986	-1.12417
2.40005	-1.9055
2.04399	-1.28479
2.03903	-1.38256
1.17398	-0.944819
1.07262	-1.18232
0.889694	-0.349442
0.812634	-0.41402
0.545571	-0.362283
0.584703	-0.465608
1.80505	-1.56631
2.43384	-2.18994
2.19082	-1.93007
2.03579	-1.6499
1.96952	-1.4917
2.36147	-2.06689
2.95737	-2.97968
2.93719	-2.88709
2.85555	-2.78824
2.79367	-2.65333
2.87471	-2.73861
3.14911	-3.32713
3.19552	-3.57927
2.72868	-2.54134
2.66433	-2.54281
2.26568	-2.03801
2.58333	-2.74171
1.76426	-1.57177
2.25747	-2.48056
2.09162	-1.96835
2.30708	-2.5738
1.66411	-1.56167
1.48319	-1.45587
1.6719	-1.52129
1.43757	-1.29904
1.11067	-0.951513
1.12213	-0.824965
1.10345	-0.712285
0.93793	-0.715177
0.758708	-0.0605599
1.23982	0.604591
1.12942	-0.280288
1.13186	-0.552489
0.956591	-0.292849
0.937457	-0.243679
1.00783	-0.428751
1.05082	-0.371997
0.869391	-0.1084
0.881851	-0.294393
0.95494	-0.180886
0.951108	-0.17345
0.834028	-0.149928
1.04219	-0.195995
0.844541	-0.23705
0.719822	0.00358159
0.719452	-0.119031
0.928421	-0.322417
0.987236	-0.159828
0.87237	0.013346
0.834101	-0.0903894
0.833777	-0.489607
1.37466	-0.868229
1.97605	-1.79609
2.29725	-2.39496
2.14098	-2.42577
1.95755	-2.21122
2.01123	-2.36422
1.62033	-2.06812
1.61734	-2.00362
1.73487	-2.14035
1.65803	-1.98052
1.72177	-2.11766
1.64234	-1.95374
1.57351	-1.77262
1.65754	-1.95313
1.59541	-1.86581
1.66225	-1.90923
1.70177	-1.6598
2.4764	-2.29094
2.10709	-1.36348
1.58748	-0.555674
1.26659	0.0534982
0.269659	0.472464
-0.273742	0.0958816
0.0747783	0.0581186
0.434844	0.370462
0.437002	0.631528
0.672003	0.693531
0.401819	0.801545
0.598344	0.552059
0.595674	0.5482
0.509041	0.260167
0.756267	-0.292427
1.58231	-1.54724
2.7685	-2.74509
2.07434	-1.4529
2.16306	-1.79334
1.79754	-1.42397
1.29897	-0.808177
1.06792	-0.692674
0.722732	-0.551867
0.452346	-0.629349
0.221748	-0.696291
0.0589045	-0.856744
1.00931	-0.654165
1.51377	-1.10353
1.01408	-0.810079
1.49838	-1.26711
0.985013	-0.888088
1.00509	-0.87967
1.03047	-1.01265
0.711336	-0.821794
1.13172	-1.14658
0.884956	-0.628091
1.15262	-1.01617
1.76713	-1.3683
2.34044	-2.16153
2.69334	-2.57142
2.80823	-2.6795
2.82749	-2.97265
2.4697	-2.56096
2.05539	-1.99109
1.81557	-1.57832
1.82476	-1.42417
1.77403	-1.33553
2.06848	-1.74926
2.19653	-2.02049
1.99524	-1.72233
1.72698	-1.30323
2.16133	-1.80118
1.60843	-1.31375
1.34872	-0.909579
1.49218	-0.729706
1.26968	-0.362487
1.22273	-0.529833
1.18445	-0.533826
1.43644	-0.861369
1.29575	-0.863803
1.58379	-1.44033
1.96235	-2.08155
2.36153	-1.9792
2.51476	-2.43119
2.35893	-2.29106
2.42096	-2.33035
2.4384	-2.69038
1.96776	-1.88073
1.64015	-1.06309
1.62573	-0.959256
1.92017	-1.33745
1.80215	-1.86161
2.24183	-2.87316
1.95729	-2.48193
2.28007	-2.90363
2.60659	-3.51556
2.80936	-3.75053
1.75065	-1.90188
1.32152	-0.994996
2.89256	-2.69871
2.51561	-1.96176
2.71746	-2.2895
2.61921	-2.1864
2.33109	-2.00597
2.60814	-2.07775
1.5427	-1.08447
0.264108	0.0229705
-0.0253902	0.311245
0.181218	0.599757
0.258035	0.592671
0.51558	0.654856
0.895571	0.855931
0.976303	0.793293
0.682389	0.363435
0.732498	0.238982
0.650501	0.105767
0.69147	-0.622625
1.17973	-0.994262
1.70981	-1.18862
2.3765	-2.16458
2.21376	-1.94177
2.42761	-2.27295
2.09314	-1.63511
1.95704	-1.51711
1.88047	-1.42844
1.80634	-1.30247
2.22499	-1.83041
2.49518	-2.27539
2.66363	-2.4071
2.47933	-2.05209
2.41876	-1.8198
2.09501	-1.15785
2.15267	-1.57722
2.39776	-2.27372
1.71657	-2.18462
1.25314	-1.1808
1.83216	-2.02896
2.30291	-2.42386
1.48474	-1.10212
1.74704	-1.48958
2.27702	-1.75095
2.27222	-1.94917
2.75206	-2.77179
2.32169	-2.49981
1.97853	-1.94503
1.72935	-1.64586
1.36388	-1.35134
1.0429	-1.05638
0.839449	-1.05019
0.411336	-0.697235
0.201184	-0.811273
0.27911	-0.612636
0.401528	-0.571231
0.286158	-0.775415
0.341197	-0.805796
0.00697485	-0.770657
0.164329	-1.05655
0.200864	-1.08247
0.2767	-1.18915
0.401077	-1.17684
0.456328	-1.05942
0.620366	-1.11186
0.710816	-1.01101
0.725977	-0.772116
1.29691	-1.26927
1.49334	-1.57394
1.40557	-1.45851
1.29126	-1.27569
1.35078	-1.32992
1.60156	-1.84612
1.21398	-1.15129
1.46733	-1.39306
1.44802	-1.36838
1.39317	-1.18805
1.20011	-0.912663
1.37721	-1.24584
1.05446	-0.556965
0.843172	-0.210541
0.920316	-0.123714
1.10199	-0.506526
0.926098	-0.258652
0.991713	-0.273713
1.08466	-0.447788
0.676292	0.000437315
0.940302	-0.305035
0.967068	-0.394966
0.947628	-0.258164
1.08365	-0.552638
0.731381	-0.0335973
1.09153	-0.364667
0.945931	-0.268887
1.00444	-0.270177
0.97792	-0.265384
1.06941	-0.158593
0.954421	-0.207033
0.992395	-0.232303
0.987557	-0.2104
1.04074	-0.214844
1.01409	-0.427034
1.20765	-1.15839
1.21519	-1.13958
0.96516	-0.880699
0.936129	-1.00407
1.33682	-1.42319
1.2613	-1.05479
0.962781	-1.00874
1.16443	-1.47596
0.9721	-1.03664
0.0780117	0.0331252
0.0788948	-0.267809
0.135417	-0.0518992
0.33117	0.18349
0.339804	0.372569
0.582422	0.334622
0.597378	0.218602
0.54588	0.11674
0.451223	-0.197426
0.886517	-0.693652
1.04273	-1.01837
1.17527	-1.0438
1.38065	-1.33863
1.24466	-1.14988
1.76827	-1.98835
2.04845	-2.53796
1.84825	-2.26273
1.89697	-2.18718
2.16868	-2.09853
2.11584	-1.97455
2.35813	-2.35018
2.2129	-1.95732
2.31695	-2.10517
1.80694	-1.45374
1.32775	-0.582358
1.7768	-1.33298
1.48439	-1.17616
0.82861	-1.35042
1.08466	-1.76786
0.991522	-1.55218
1.51716	-2.03972
1.83103	-2.34845
1.73713	-1.84502
1.66177	-1.49213
1.72339	-1.37162
1.72647	-1.28719
1.65684	-1.157
1.5027	-0.799994
1.67371	-0.938357
1.44662	-0.593739
1.68066	-0.601254
1.58861	-0.524316
1.79424	-1.01587
1.67716	-1.40439
1.55501	-1.16004
1.15994	-0.60761
0.877677	-0.587763
1.16714	-1.02762
1.32723	-0.390731
1.03058	-0.151415
1.08883	-0.275021
1.2242	-0.516185
1.36066	-0.819379
1.4953	-0.99682
1.92162	-1.68094
2.48712	-2.67559
2.7026	-3.21418
2.45295	-2.7043
2.17079	-2.38823
1.71684	-1.78625
2.02043	-2.0743
1.85824	-1.90439
1.28983	-1.05125
0.758832	-0.513568
1.09058	-0.956766
0.87552	-0.449141
1.17872	0.0695672
0.985354	-0.280283
0.541327	-0.453301
1.61388	-1.67185
1.14636	-1.00474
1.06408	-0.808832
1.666	-1.23337
2.1365	-1.64901
2.27487	-1.93888
2.25786	-2.39324
2.47246	-2.54193
2.8006	-3.03797
2.66386	-2.94896
2.90922	-3.45437
2.79603	-3.23119
2.79815	-3.26957
3.00195	-3.36631
2.73381	-2.33263
2.44412	-1.77296
2.32009	-1.81504
2.41928	-2.26829
1.976	-1.65793
1.48781	-1.14625
0.985636	-0.78438
0.821675	-0.822275
0.551875	-0.740456
0.310873	-0.83325
0.464287	-1.09885
0.277953	-0.957538
0.218965	-0.93236
0.190672	-0.902566
0.177674	-0.8911
0.163482	-0.917073
0.217988	-0.83926
0.259652	-0.867697
0.333609	-0.841522
0.780838	-1.1241
1.33604	-1.59677
1.51571	-1.60972
1.56926	-1.49366
1.87569	-1.75953
2.17392	-2.04658
2.75734	-2.6092
3.27078	-3.4391
2.58106	-2.69333
2.26346	-2.11263
2.00712	-1.82294
2.20493	-2.3044
1.7927	-1.95419
1.76265	-1.86728
1.25903	-1.24924
1.2813	-1.30506
1.18974	-1.15497
1.01481	-0.815043
1.19594	-1.05751
1.37531	-1.07632
1.08795	-0.58312
0.937173	-0.320359
1.05549	-0.319598
1.04933	-0.738433
1.01034	-0.933637
2.28498	-1.61321
2.12418	-1.44007
2.20685	-1.83064
2.66685	-2.53107
1.98824	-1.5317
2.32317	-2.1352
2.7837	-2.8972
3.09442	-3.06767
1.47597	-0.886202
1.8274	-1.21583
1.46146	-0.733783
1.27416	-0.722286
1.17441	-0.80364
1.08449	-0.665111
0.5465	0.217287
0.0568222	0.430363
-0.0344985	0.554235
0.0336192	0.366757
0.625363	0.321255
0.629556	-0.233923
0.503964	-0.313008
0.836561	-0.148908
0.620616	-0.160562
0.578006	-0.196173
0.787078	-0.14149
0.966543	-0.0879393
0.711266	-0.0840224
0.823899	-0.172187
1.01359	-0.719483
1.30103	-1.16435
0.847279	-0.766092
1.03763	-0.977518
0.82433	-0.848982
0.37595	-0.542596
0.177323	-0.387358
-0.322935	-0.133245
0.00700993	0.0544013
0.171473	0.270859
0.129968	0.446092
0.638453	0.533208
0.644103	0.586633
0.599491	0.564852
0.502938	0.610455
0.462747	0.423341
0.584665	0.199136
0.410912	-0.600109
0.67948	-1.07514
0.516196	-0.978843
0.539976	-1.03196
0.55584	-1.13574
0.752232	-1.36356
1.17679	-1.501
1.68059	-2.20689
1.88512	-2.25107
2.49125	-2.90271
1.53126	-1.26474
1.48776	-1.24779
1.67082	-1.21688
1.32526	-0.819116
1.25321	-0.786653
1.15909	-0.955043
1.17778	-0.948812
1.2214	-1.2132
1.00503	-0.833772
1.37092	-1.27275
2.9501	-3.64686
2.71644	-3.13733
2.65399	-3.04322
2.1963	-2.36256
1.61687	-1.61396
1.4107	-1.3894
1.22739	-1.31044
0.925576	-0.525063
1.84152	-1.3443
2.02393	-1.40059
1.5711	-1.19096
1.67076	-1.09675
1.88734	-1.01699
2.12427	-1.61391
1.78926	-1.27749
1.84551	-1.3911
1.36893	-0.938685
1.4082	-1.02492
1.19039	-0.814037
1.39312	-1.14132
1.12991	-1.02336
0.138164	0.092321
0.354326	0.439531
0.370528	0.446401
0.41735	0.667637
0.760801	0.6852
0.675509	0.602456
0.595689	0.546456
0.420722	0.418569
0.370864	0.343592
0.489921	0.374747
0.544821	0.422551
0.27214	0.55101
0.024448	0.290701
0.100363	0.344377
0.140039	0.529404
-0.0131549	0.603081
0.0102817	0.41532
0.24135	0.376798
0.453088	0.199572
0.756007	-0.0202323
0.946692	-0.398757
0.807498	-0.272687
0.855821	-0.302428
0.883717	-0.177932
1.24402	-0.905853
0.853907	-0.394151
1.01368	-0.553355
0.845133	-0.189718
0.857849	-0.229924
0.945666	-0.30867
0.908333	-0.153918
1.16384	-0.243618
1.08969	-0.0418217
1.06304	-0.00604098
0.93222	-0.0583684
1.17603	-0.349245
1.0777	-0.341129
1.15625	-0.207493
1.24624	-0.26605
1.04885	-0.266546
1.15159	-0.171318
1.08969	-0.155548
0.928206	-0.0475782
1.19382	-0.432875
1.04379	-0.589649
1.30277	-0.436445
1.19366	-0.425134
0.920712	-0.460089
0.887942	-0.406807
0.378865	-0.17576
0.40347	-0.368307
0.731164	-0.484823
0.808034	-0.322769
0.768213	-0.3223
-0.513433	-0.889891
-0.484241	-0.969332
-0.341289	-0.947936
-0.492294	-1.04346
-0.231863	-0.902241
-0.332236	-0.88629
-0.357305	-0.897901
-0.277236	-0.871683
-0.167188	-0.966088
-0.35315	-0.840882
0.556639	-0.826711
0.636105	-0.503203
0.970953	-0.516535
0.981995	-0.701187
0.79076	-0.298619
0.808374	-0.458066
0.949847	0.120923
0.638646	-0.103746
-0.144123	-0.692028
0.337898	-1.07184
0.570518	-1.00542
0.711144	-0.927869
1.07208	-1.20616
1.24178	-1.26133
1.55162	-1.70732
1.62546	-1.87597
1.65771	-2.04244
1.32814	-1.71805
1.05182	-1.51637
0.650752	-1.28758
0.197495	-1.02757
0.115927	-0.744881
1.12195	-1.3489
2.14529	-2.23857
2.04551	-2.16533
1.8208	-1.99913
1.82847	-1.95067
1.11836	-1.34879
0.362287	-0.951877
0.236494	-0.934609
0.555959	-0.875202
0.952346	-0.959337
1.34779	-1.26512
1.0375	-0.707394
1.51202	-1.31895
1.40597	-0.997144
1.39578	-0.868378
1.43107	-0.86114
1.17671	-0.613343
1.42031	-1.25869
2.19225	-2.64518
1.66066	-1.62638
0.43524	-0.322998
0.436492	-0.335341
0.561826	0.050311
0.555982	0.247119
0.545662	0.310159
0.670516	0.258891
0.809552	-0.0754054
0.893649	-0.294639
1.2285	-0.853072
2.90009	-2.90269
2.45857	-2.15434
2.3351	-1.87759
2.74504	-2.32607
2.79316	-2.58641
3.02604	-3.06789
2.6094	-2.41663
2.30283	-1.97768
1.64278	-1.5504
2.28847	-2.64632
1.91561	-2.1065
1.96442	-2.1553
2.55644	-3.14358
2.98768	-3.78576
2.80702	-3.32071
2.68022	-3.22385
3.12906	-3.97213
3.00329	-3.74433
2.7913	-3.37055
1.86058	-1.84589
1.76053	-1.70453
1.52728	-1.61864
1.39078	-1.65998
1.22776	-1.64521
1.3026	-1.74376
1.91329	-2.16783
2.27081	-2.45778
2.5742	-2.75048
2.01814	-1.72414
1.83022	-1.33069
1.42701	-0.926639
0.40885	-0.198242
-0.216354	-0.203634
-0.339073	-0.249122
-0.149837	-0.00841005
0.0451188	0.216969
0.18625	0.491704
0.217784	0.269668
0.218689	0.0802595
0.630127	-0.500186
1.65239	-0.944025
1.51245	-0.708603
1.66483	-0.838147
2.11832	-1.59072
2.1424	-1.89711
2.41722	-2.75651
2.00011	-2.25804
1.96077	-2.27626
2.04469	-2.37355
2.50571	-2.99171
2.93784	-3.73941
2.84449	-3.52611
2.55657	-2.87352
2.97193	-3.46829
3.59161	-4.31812
3.41093	-3.84784
1.85102	-1.51991
0.38317	-0.216994
-0.180319	-0.23041
-0.129869	-0.135788
-0.0726492	0.224738
0.347015	0.597236
0.249345	0.419319
0.564143	0.784343
0.676975	0.784495
0.764803	0.550865
0.647121	0.301567
0.55806	0.19687
1.29824	-0.654199
1.4856	-0.856039
1.83227	-0.792743
3.02796	-2.3574
2.9594	-2.75055
2.90369	-2.90393
2.89921	-3.33712
3.29626	-4.01216
3.28947	-3.96186
3.06539	-3.48094
2.9864	-3.38834
2.5444	-2.68604
1.98984	-1.85183
1.62212	-1.31272
1.43469	-1.13858
1.47585	-1.37147
1.02579	-0.608125
1.14326	-0.87131
0.813419	-0.0437636
0.946849	0.122056
0.715396	-0.252279
0.673683	-0.245397
1.47627	-1.56897
1.35825	-1.40454
0.713085	-1.03107
1.31495	-1.34075
1.13359	-1.17207
1.40701	-1.37808
1.71978	-1.72616
1.84607	-1.90633
2.00132	-2.16827
1.8789	-2.08908
1.73464	-1.88025
1.83844	-1.92257
2.03153	-2.23537
2.05628	-2.23812
2.32007	-2.55046
2.62059	-2.66322
1.91456	-1.7188
1.71058	-1.45972
2.22528	-2.08659
1.78821	-1.55652
2.10186	-1.77626
2.25355	-2.22882
1.46554	-1.50858
0.876833	-1.50206
0.0204201	-0.697878
-0.123706	-0.717499
0.12628	-0.767365
-0.00342095	-0.568929
0.00177351	-0.729494
0.0907866	-0.795335
0.356426	-0.471048
0.510705	-0.62629
0.0129725	-0.0486676
-0.143776	0.011791
0.184042	0.0963147
-0.113967	0.0990117
-0.209097	0.142302
-0.168206	0.284815
0.0525222	0.161037
0.0772898	0.119607
0.301761	0.181381
0.250162	0.337192
0.181147	0.209132
0.203944	0.178914
-0.043221	0.254095
-0.0878389	0.262969
0.0426995	0.269926
0.187954	-0.0211063
0.318319	-0.0270639
0.491339	-0.0250386
0.811127	-0.332879
0.607247	-0.104611
0.909735	-0.428783
0.860574	-0.327758
1.03744	-0.454003
0.995418	-0.359822
1.15414	-0.641586
0.866102	-0.492833
0.790435	-0.455203
0.976642	-0.3361
1.08686	-0.404263
0.867664	-0.41999
0.942173	-0.3671
0.721475	-0.131692
1.06956	-0.401304
1.00108	-0.322388
0.830005	0.057008
1.15672	-0.204261
1.03649	-0.0869856
1.05329	-0.33706
0.567942	0.150985
0.421494	0.448921
0.37456	0.414849
0.292538	0.279401
0.477038	0.518116
0.615985	0.501632
0.613914	0.541898
0.426836	0.308249
0.28487	-0.00741582
0.353683	-0.840992
0.55089	-1.01534
0.807393	-1.34669
0.608307	-1.19704
0.476222	-1.11925
0.693407	-1.33139
0.221333	-0.821338
0.0785212	-0.616054
-0.0528136	-0.573113
0.128888	-0.0653661
0.345881	0.149748
0.466889	0.312793
0.487936	0.444233
0.697177	0.437422
0.601234	0.431903
0.629105	0.504455
1.02203	0.353516
0.583741	0.0502387
1.02649	-0.830675
1.52956	-1.23117
2.39571	-2.16287
2.46919	-2.31659
2.28635	-2.10973
1.69781	-1.13079
1.78399	-1.24082
1.65617	-1.04726
1.6707	-1.04321
1.91692	-1.41029
1.99996	-1.59038
2.04154	-1.69228
1.98227	-1.59376
1.87797	-1.49056
1.78985	-1.4033
1.60086	-1.25878
1.41283	-1.15105
1.31991	-1.07703
1.84206	-1.71567
1.99725	-2.22902
1.93204	-2.07053
1.80002	-1.67644
2.00367	-1.73296
2.2652	-2.16306
2.15592	-1.91683
1.54259	-0.954934
1.38156	-1.02046
1.72213	-1.54918
1.32103	-1.24383
0.15053	0.103556
-0.00814248	0.264301
0.302955	0.160774
0.460313	0.441949
0.32085	0.324124
0.364138	0.427847
0.731646	0.527878
0.831647	0.410903
0.602904	0.376288
0.528574	-0.138023
1.65639	-1.66749
0.833295	-0.385417
0.922873	-0.254123
0.745264	-0.0823691
0.741619	-0.0911775
0.903772	-0.282017
1.20424	-0.578945
0.992703	-0.182442
0.949056	-0.193033
1.02301	-0.306484
1.36036	-1.03201
1.24512	-1.0769
1.70533	-1.14365
2.42226	-2.29623
2.42619	-2.47233
2.23924	-2.06462
2.17779	-1.95713
2.66456	-2.9757
2.74409	-3.44679
2.393	-2.88272
2.56127	-3.22041
2.56676	-3.09865
2.60988	-3.13838
2.28784	-2.44092
2.2326	-2.29394
2.58543	-2.87293
2.70542	-2.93436
3.03897	-3.74107
2.58142	-2.9429
2.99717	-3.51704
2.97079	-3.62279
2.48582	-2.89733
2.13005	-2.18515
1.71826	-1.64811
1.39866	-1.30848
1.26477	-1.18337
1.13999	-1.06219
1.13109	-1.0651
1.09035	-1.06845
1.06704	-1.05019
1.13461	-1.12876
1.20599	-1.21466
1.30435	-1.32207
1.65358	-1.75359
1.93944	-2.12037
2.60277	-2.84817
1.86297	-1.5342
1.40904	-0.934211
1.71684	-1.73559
0.994695	-0.705888
0.239408	-0.0294533
0.188923	0.00921917
0.366632	0.121442
0.468422	0.221247
0.31603	0.322839
0.377372	0.494946
0.379755	0.280516
0.500076	0.504979
0.523676	0.57331
0.54953	0.553303
0.184341	0.30532
0.33473	-0.00375414
1.0904	-0.440924
1.23333	-0.427036
0.926195	-0.157677
1.00518	-0.2889
0.905443	-0.0849364
0.884054	-0.071729
0.836219	-0.0854738
1.05006	-0.230216
0.96274	-0.136833
0.996658	-0.97437
1.14801	-1.52181
0.975821	-0.593827
0.819866	-0.900307
0.51871	-0.751768
1.50646	-1.59956
1.91939	-1.65169
1.73096	-1.18639
1.50902	-0.803163
2.2428	-1.63817
2.69506	-2.12031
2.04229	-1.5321
1.81254	-1.0565
1.42604	-0.717624
0.925832	-0.369133
0.940583	-0.44061
0.767638	-0.464604
0.943505	-0.789161
0.780253	-0.930509
0.704338	-1.06701
0.537749	-0.994442
0.388087	-0.920383
0.406455	-0.811608
0.389815	-0.699356
1.06385	-1.11971
1.31516	-1.08598
1.26499	-0.857567
1.10176	-1.06771
1.04732	-0.806308
1.32793	-1.1682
1.42619	-1.17233
1.18312	-1.09908
1.13069	-1.05809
0.838332	-0.807965
0.817386	-0.60361
0.695831	-0.636986
0.47746	-0.812461
0.236229	-0.873671
0.279317	-1.03252
0.216752	-1.01804
0.104591	-1.02015
0.109037	-1.04525
0.172609	-1.04941
0.140696	-1.03566
0.0708703	-1.03446
0.0658393	-1.07317
0.0767337	-1.03115
0.162911	-1.01903
0.257627	-0.9688
0.387937	-0.950214
0.591168	-1.03774
0.781803	-1.0658
1.03	-1.14208
1.14057	-1.12512
1.40448	-1.25196
1.60428	-1.43458
2.36078	-2.36638
1.68205	-1.32937
1.6699	-1.39221
1.95182	-1.61606
2.37435	-2.05623
1.93516	-1.74006
1.53997	-1.28338
1.40811	-1.10752
0.54741	-0.472642
0.481917	-0.0200168
0.697064	-0.0195578
0.759489	0.222309
0.614658	0.4869
0.67196	0.509005
0.505412	0.451311
0.519102	0.492175
0.557367	0.527995
0.548882	0.570697
0.340073	0.152179
0.101402	0.0229928
0.179378	0.392411
0.186968	0.534996
0.261881	0.640669
0.444236	0.840312
0.507808	0.552073
0.748587	-0.0214192
0.661206	-0.0359734
0.838868	-0.181818
0.917921	-0.138441
0.788127	-0.0984235
0.884214	-0.254797
0.796953	-0.197369
0.903573	-0.252954
0.969693	-0.30506
1.22229	-0.376249
1.13447	-0.396899
0.770984	0.13716
1.00771	0.189657
0.985428	0.101899
0.983207	0.178372
1.05076	0.285045
1.11175	0.137754
0.760774	-0.819588
0.922864	-0.859758
1.17415	-1.14412
0.878676	-0.881223
0.854262	-0.926883
0.778998	-0.941302
0.680573	-0.957176
0.70367	-1.09831
0.613135	-1.01286
0.591126	-0.953719
0.718668	-1.06339
0.859348	-1.10494
0.94434	-1.09381
1.15	-1.20907
1.37184	-1.40404
1.7783	-1.84119
1.94929	-1.86309
2.40414	-2.34734
3.25825	-4.02869
2.84772	-3.15912
3.00286	-3.43454
2.81665	-3.26283
2.70665	-2.84042
2.80675	-3.08718
1.70619	-1.23145
1.51057	-1.02962
1.96134	-1.59341
2.1082	-1.8633
2.43484	-2.24359
2.37396	-2.1604
2.40845	-2.20709
2.56976	-2.59434
2.30322	-2.22725
2.23848	-2.1061
2.11928	-1.87655
2.19043	-1.89372
2.63448	-2.47389
3.2158	-3.32008
2.99968	-3.43918
2.69649	-3.14498
2.31554	-2.30753
2.4942	-2.58925
2.18497	-2.12688
1.88763	-1.72671
2.08871	-2.14219
0.446594	-0.356282
0.351758	-0.107726
0.0446185	0.246885
0.323042	0.189479
0.64824	0.303641
0.338019	0.253432
0.395606	0.182873
0.328847	0.199171
1.05835	-0.580333
1.24095	-0.983993
1.54317	-1.32433
2.23779	-1.90344
2.24226	-1.62287
1.86506	-1.38014
1.96563	-1.48223
1.80344	-1.25361
1.65565	-1.05167
1.70549	-1.1435
1.72518	-1.23181
1.72507	-1.1868
2.15892	-1.77877
1.90334	-1.20166
1.60566	-1.08091
1.57715	-1.22483
1.21273	-0.440422
1.15975	-0.520267
0.781075	-0.0762316
0.593374	-0.334766
1.50253	-0.998709
1.64336	-0.883195
1.73116	-1.2082
2.08598	-1.51983
1.66334	-1.09029
2.07078	-1.68958
2.38488	-2.05795
2.20392	-2.00604
1.94661	-1.53535
1.63248	-1.1275
1.58128	-1.06515
1.633	-1.26259
0.0131604	0.0111416
0.0135634	0.105818
-0.367499	0.0813369
-0.181089	-0.344067
-0.35941	-0.139355
-0.26334	-0.145102
0.308011	-0.0741054
1.3241	-1.03622
1.61272	-1.27671
1.52225	-1.13948
1.35451	-0.955791
1.90972	-1.93012
2.47131	-2.82951
1.97241	-2.18457
2.10946	-2.53253
2.42586	-3.04626
2.58639	-3.20237
2.19611	-2.21944
1.80757	-1.21088
2.74803	-2.3598
2.44327	-1.91742
2.60336	-2.38138
2.3557	-2.07968
2.02252	-2.56891
2.02503	-2.53981
2.27557	-2.9447
2.09983	-2.49176
1.54908	-1.81382
1.47967	-1.35035
1.37505	-1.0102
1.31556	-1.01989
0.406427	0.0825709
0.69295	-0.0408961
0.874619	-0.297335
0.937105	-0.381987
1.34744	-0.679907
1.43083	-0.865578
1.64633	-0.900007
1.59249	-0.97868
1.59519	-0.869145
1.43031	-0.651595
1.09653	-0.246669
1.01215	-0.816527
1.33624	-1.18589
1.23621	-0.921987
1.17154	-0.739839
0.740084	-0.0344795
1.0035	-0.219985
0.905944	-0.443891
0.750151	-0.196629
1.45996	-1.09061
2.09593	-1.45147
2.42098	-1.78538
2.19277	-1.36491
2.24742	-1.6981
2.80481	-2.88321
2.68535	-2.81942
2.63663	-2.79701
2.57728	-2.65545
2.61231	-2.65937
2.15049	-2.18502
2.00146	-2.05053
1.82197	-1.73714
1.59499	-1.44406
1.5913	-1.39643
0.714784	-0.628527
0.677141	-0.364814
0.354594	-0.522445
0.208103	-0.703554
0.468244	-0.96156
0.668473	-1.16948
0.659479	-1.04372
0.19094	-1.08707
0.213172	-1.18578
0.192257	-1.18475
0.353594	-1.37047
0.107036	-1.11426
0.168633	-1.0562
0.205754	-1.15381
0.383774	-1.23147
0.501076	-1.38897
0.476859	-1.2136
0.504446	-1.08391
0.8444	-1.16263
0.97433	-1.31194
1.16798	-1.19077
1.58403	-1.32369
1.96799	-1.58237
1.83046	-1.43387
1.98981	-1.52
2.21003	-1.68416
2.44322	-1.81265
2.1477	-1.42497
1.96921	-1.35835
1.73436	-1.14383
1.77029	-1.17793
1.31958	-0.752575
1.38568	-0.53033
1.34364	-0.570664
1.11007	-0.370869
1.16703	-0.483317
1.23185	-0.779459
0.999115	-0.220656
1.16382	-0.409891
1.03029	-0.185362
0.917857	-0.150322
0.91784	-0.331288
1.15679	-0.256857
1.01264	-0.076633
1.02395	-0.232282
0.981768	-0.361698
1.12478	-0.157512
1.07387	-0.251574
0.919475	-0.120995
1.0049	-0.176445
0.833948	-0.00416147
0.686017	0.111697
0.776164	-0.0598961
0.828581	-0.0898181
1.00721	-0.318179
0.878392	-0.340268
1.25148	-0.740602
0.959683	-0.499842
0.543104	-0.388662
0.776542	-0.59658
1.80766	-1.59043
1.83216	-1.86049
2.41798	-2.73151
1.1783	-1.24424
1.83664	-1.68086
2.73299	-2.7827
2.34253	-2.1617
2.008	-1.54084
2.21442	-1.67553
2.45429	-2.02827
2.03195	-1.48625
1.6543	-1.21191
0.0734132	-0.0822193
-0.00269418	0.113751
-0.202984	0.344892
0.102686	0.548515
0.463937	0.720004
0.449808	0.806286
0.454456	0.535642
0.341632	0.416309
0.99739	-0.525907
1.84769	-1.32295
2.08672	-1.45474
2.00464	-1.46976
2.71602	-2.60117
3.51959	-3.74079
3.60677	-3.8969
2.23224	-1.73382
1.85484	-1.55572
1.69294	-1.26942
1.77702	-1.27738
1.79255	-0.998138
1.52403	-0.612936
1.37265	-1.04052
1.13607	-0.719249
1.22649	-0.887833
1.24187	-1.08321
0.733665	-0.304082
0.771923	-0.720964
1.82827	-1.50042
1.86899	-1.00067
2.17335	-1.37423
2.44248	-1.6774
2.15539	-1.34909
2.33586	-1.76122
2.22517	-1.60409
2.97163	-2.67363
3.12445	-2.83195
2.75727	-2.12294
1.73788	-0.947457
2.42303	-1.76394
2.65986	-1.92432
2.73402	-2.21153
2.66353	-2.16904
3.90054	-4.64949
2.83105	-2.97302
2.58876	-2.65549
2.40012	-2.40422
2.29938	-2.33459
0.588875	-0.197684
-0.137617	0.0352966
0.0783803	-0.0706667
0.00382046	0.12771
0.186596	0.36585
0.546017	0.624951
0.623528	0.47664
0.552127	0.184667
0.467663	0.0116431
1.13038	-0.851958
1.74371	-1.00187
1.41508	-0.881271
1.60854	-1.07885
2.33046	-1.95026
2.29972	-1.84356
0.824088	-0.314057
0.377624	-0.226836
0.444147	-0.153383
0.0851334	0.289586
0.724509	-0.298714
1.16113	-0.904369
0.921955	-0.722434
0.695752	-0.410985
0.869551	-0.25476
1.16608	-0.494952
0.952191	-0.24862
0.818056	-0.194362
1.13373	-0.58131
1.08692	-0.914094
2.03402	-1.82085
1.76997	-1.40592
1.92357	-1.699
1.85744	-1.64052
1.84133	-1.73836
1.59699	-1.65786
1.24509	-1.26936
1.0458	-1.18525
0.670944	-0.841272
0.640538	-0.570267
0.635569	-0.776371
0.908897	-0.794594
0.802267	-0.406368
0.687672	-0.0537131
0.309718	0.237953
0.362902	0.157198
0.41641	0.265398
0.0729715	0.120357
1.43022	-1.22888
1.26654	-0.730582
1.374	-0.944697
1.39977	-0.841563
1.90364	-1.32355
2.07411	-1.61092
1.95011	-1.31849
2.112	-1.40239
1.7999	-0.995658
1.72628	-1.03791
1.53454	-1.1039
1.30511	-0.899166
1.32761	-0.984809
1.06866	-0.524294
0.962351	-0.434729
0.793395	-0.405778
1.28507	-0.76734
1.48238	-1.12613
0.92024	-0.930802
1.12371	-0.817592
2.68238	-3.13127
2.80637	-3.41303
1.78713	-1.94088
2.79169	-3.46161
2.28415	-2.55242
2.14996	-2.32341
1.77774	-1.86457
2.12535	-2.38149
2.10099	-2.37395
1.97612	-2.19589
2.3579	-2.70521
2.30233	-2.74706
2.45976	-2.95783
2.37861	-2.75068
2.77648	-3.24758
2.58054	-2.91273
2.6434	-3.13499
2.34394	-2.63236
2.20625	-2.37268
2.39974	-2.50527
2.55815	-2.57874
1.97471	-2.17463
1.17712	-1.69262
0.643113	-1.52086
0.468629	-1.44861
0.355777	-1.171
0.168362	-0.982724
0.451831	-1.11344
0.311531	-1.09305
0.274234	-1.0095
0.367266	-0.911352
0.703449	-0.814695
0.559473	-0.61968
0.0643895	-0.082631
0.122927	0.119728
0.306643	0.352239
0.323142	0.365921
0.428914	0.672266
0.330639	0.539881
0.237403	0.16183
0.569242	0.496325
0.387872	0.559156
0.589668	0.738567
0.476455	0.58593
0.378662	0.578399
0.430482	0.160493
0.324342	-0.0477159
0.44679	0.439189
0.189875	0.458266
0.36067	0.402425
0.579588	0.685702
0.370276	0.279504
0.45975	0.496262
0.687526	0.322053
0.675963	-0.022798
0.893268	-0.0694528
0.835769	-0.051042
0.981986	-0.166434
0.976618	-0.200094
1.16213	-0.352008
1.45919	-1.03103
2.95853	-3.13414
3.44754	-3.88291
3.58562	-4.08763
2.90588	-3.19902
3.07446	-3.53416
2.80098	-3.07159
2.53923	-2.66301
2.18504	-2.14172
1.7019	-1.02766
1.22483	-1.11465
1.22688	-0.441807
1.08886	-0.923956
3.00393	-2.76636
1.82517	-1.19167
1.25862	-0.475421
2.49756	-1.70552
3.06617	-2.69544
3.27449	-3.22871
2.62808	-2.09407
3.49039	-3.49151
3.16049	-3.12923
2.94202	-2.67912
3.26148	-3.2545
2.92582	-3.19425
2.8168	-3.58188
2.47141	-2.98084
2.14557	-2.50049
2.29373	-2.71471
2.52805	-2.72663
2.8926	-2.92928
2.17495	-1.42979
2.41215	-1.65551
2.0198	-1.17017
1.91998	-1.0273
1.71945	-0.822925
1.60702	-0.786937
1.49978	-0.568553
1.26646	-0.384906
1.22024	-0.468937
1.19936	-0.413147
1.131	-0.473071
1.04185	-0.347437
1.04296	-0.310576
1.13198	-0.371609
1.02438	-0.215548
1.23849	-0.458503
1.13731	-0.361406
1.37774	-0.692936
1.55221	-0.737786
1.52638	-0.587541
1.86769	-0.816469
2.02428	-1.01366
2.31833	-1.42588
2.28075	-1.41039
2.37667	-1.61917
2.17621	-1.26083
3.42597	-3.38256
2.28731	-2.41742
2.70004	-3.37894
2.17725	-2.56083
2.49305	-3.14523
2.2993	-2.87749
2.34336	-2.91716
2.07507	-2.33192
2.00664	-2.16232
1.84602	-1.88892
1.57796	-1.34254
0.958928	-0.931965
1.01612	-0.709351
1.20683	-0.983665
2.43527	-2.37279
1.74116	-1.21479
0.233086	-0.322884
0.278781	-0.68163
-0.143789	-0.904237
1.04984	-0.816335
2.43296	-2.44102
2.74841	-2.82598
2.44759	-2.22657
3.01383	-2.88577
3.38677	-3.46075
3.30579	-3.30613
3.29094	-3.1692
3.09064	-3.84287
2.44224	-2.67259
2.96728	-3.6486
2.74514	-3.26515
3.37995	-4.04635
2.75226	-2.23858
3.50239	-3.43862
3.39045	-3.45908
2.66469	-2.50692
2.31898	-1.91744
2.1954	-1.58528
2.01173	-1.54617
2.10642	-1.89968
1.41474	-1.15116
1.08204	-0.75043
0.996747	-0.681506
1.14481	-0.420603
1.20094	-0.404045
0.71364	-0.497813
1.36949	-1.46269
1.43702	-1.31237
1.62732	-1.22854
2.34329	-2.45521
2.66828	-2.95073
1.42418	-1.19449
1.43661	-1.21062
1.46883	-1.17881
1.52325	-1.38978
1.12256	-0.772817
0.940814	-0.403298
1.22911	-0.899793
0.903011	-0.639543
0.986902	-0.759684
0.100324	-0.173469
0.241418	-0.0654081
0.120364	-0.176756
0.015297	-0.0711571
-0.116296	-0.751337
-0.0224861	-0.888571
0.284284	-0.935489
1.7952	-2.25355
2.10817	-2.51805
2.37422	-2.67242
2.54955	-2.75458
2.22255	-1.78695
2.2323	-1.89556
2.01493	-1.61692
2.11324	-1.57119
2.3398	-1.76285
2.32581	-1.26432
1.97865	-1.20264
2.33705	-1.21447
2.02051	-1.29981
1.81114	-1.33547
1.40961	-0.783844
1.12389	-0.708982
0.72036	-0.368447
0.68353	-0.214436
0.94253	-0.294418
0.98892	-0.404248
0.918252	-0.317967
0.999534	-0.291676
1.08727	-0.455316
0.794634	-0.114048
0.829769	-0.00595407
0.974985	0.102766
1.01018	-0.0534854
0.717875	0.109319
0.762085	0.0047758
0.749612	0.00186912
1.03481	-0.496598
1.26427	-0.777762
1.0444	-0.373036
1.09525	-0.441881
1.08299	-0.434139
0.975383	-0.285434
0.841535	-0.110918
0.988599	-0.335337
0.862018	-0.201576
1.07827	-0.410869
1.02491	-0.400794
1.05202	-0.111017
0.982871	-0.174647
0.790914	0.0655327
0.946787	-0.235757
1.05159	-0.204253
0.943119	-0.22186
0.978365	-0.327785
0.835433	-0.420377
0.86342	-0.562918
1.5803	-1.25743
1.53724	-1.04628
2.70645	-2.64759
3.02131	-3.06378
2.9282	-2.79731
2.8377	-2.71228
2.17871	-1.65362
2.00578	-1.40076
1.8768	-1.25563
1.647	-1.00798
1.66412	-0.967363
1.38254	-0.650386
1.35316	-0.686295
0.948224	-0.265391
1.04682	-0.35877
0.90047	-0.191533
0.887541	-0.234867
0.619308	-0.0934331
0.377109	0.10129
0.319457	0.0962134
0.421598	-0.0392466
0.513059	-0.187016
0.644576	-0.349765
0.737628	-0.594958
0.650718	-0.696796
0.531784	-0.781997
0.44348	-0.791002
0.388649	-0.806426
0.394645	-0.876962
0.458943	-0.86525
0.596558	-0.906656
0.84541	-1.04333
1.25902	-1.40974
1.90796	-2.22786
2.38985	-2.78939
2.13044	-2.40755
2.11935	-2.36193
1.5455	-1.33981
2.35882	-2.40149
2.14615	-2.27364
2.34462	-2.63243
2.03665	-2.37036
2.0696	-2.35829
2.60089	-3.0592
2.53745	-3.06618
1.9389	-1.59085
2.90931	-2.50325
2.56656	-1.97778
2.42783	-1.78274
2.4451	-1.81068
2.05826	-1.24188
2.05387	-1.28868
1.71112	-0.904179
1.68185	-1.00691
1.67135	-1.0068
1.54471	-0.793166
1.32174	-0.477959
0.944522	-0.209292
0.530568	-0.291823
0.45009	-0.34416
-0.456876	0.137664
-0.25179	0.19338
-0.0533935	0.136495
0.391055	0.129164
0.547183	0.341207
0.568426	0.180207
0.724954	0.48584
0.517031	-0.118691
0.622844	-0.143763
0.79682	-0.44057
1.51756	-1.27755
2.40768	-2.42421
2.28339	-2.4348
2.70007	-3.25118
2.62032	-3.18427
2.27802	-2.73839
2.42547	-2.86453
2.41674	-2.65766
2.17042	-2.17623
1.62983	-1.51774
1.01437	-0.668037
0.977264	-0.844607
0.860881	-0.564339
0.724018	-0.285399
0.737058	-0.541875
2.80955	-2.46164
1.43362	-0.351352
1.44695	-0.362378
1.45594	-0.466293
1.63641	-0.766581
1.34185	-0.792199
0.0653272	0.336459
-0.188566	0.162735
-0.0707689	0.141451
0.0764652	0.316175
0.315746	0.339653
0.46745	0.307908
0.803493	-0.125071
0.937123	-0.331404
1.19092	-1.05127
2.09718	-2.0157
3.22224	-3.34995
2.62083	-2.16764
2.90338	-2.84205
2.25341	-2.00163
2.02831	-1.91726
1.46357	-1.25513
1.17467	-0.834193
0.936907	-0.563719
0.789367	-0.43202
1.13595	-0.601671
1.08631	-0.525127
0.948614	-0.441372
1.46093	-1.33763
1.39899	-1.12404
1.23577	-1.19516
1.41628	-1.39546
2.05391	-2.23235
1.70073	-1.62759
2.18292	-2.3613
2.65708	-2.93047
2.93976	-3.42148
2.45453	-2.58823
2.68328	-3.13014
2.76107	-3.46721
2.5752	-2.98009
2.42493	-2.61722
2.31853	-2.27241
1.14953	-1.07004
0.466	-0.51285
-0.165033	0.135227
-0.0483807	-0.0746573
-0.233886	0.244064
0.129825	-0.0823537
0.105353	0.34513
0.473332	0.397951
0.501724	0.0662928
0.612739	-0.279042
0.438926	-0.456161
2.0892	-1.76852
2.48022	-2.09557
2.87935	-2.46638
2.79223	-1.98483
2.67163	-1.78193
2.4022	-1.59428
2.3157	-1.45906
2.17373	-1.25491
2.48347	-1.89118
1.18767	-0.626203
0.314266	-0.169601
0.0237259	0.286545
0.392348	0.566814
0.56192	0.750794
0.566009	0.798028
1.12768	1.14436
1.03606	0.762001
1.10748	0.748303
1.34777	0.957099
0.953762	0.450735
1.19368	0.403609
0.929092	-0.299403
1.20107	-0.667931
1.34378	-1.07865
1.10669	-1.04582
1.17213	-0.89351
0.979232	-0.469117
1.20594	-0.383613
1.71683	-1.01021
2.59176	-2.22931
2.37167	-1.95611
2.96008	-2.62363
3.11191	-3.01929
2.9466	-2.78098
2.40347	-2.01407
2.26591	-1.83022
2.17937	-1.57191
2.09493	-1.39308
2.36734	-1.8513
2.61428	-1.99526
2.38375	-1.56057
2.1724	-1.25721
2.5561	-1.93857
2.02976	-1.47266
2.01675	-1.6965
2.01666	-1.74543
1.70756	-1.8574
1.7213	-1.93253
1.65784	-1.97576
1.68349	-1.58338
1.49889	-0.99589
1.76518	-1.61416
1.50466	-1.5223
1.51975	-1.77862
1.27553	-1.30984
1.48356	-1.5318
1.34128	-1.24594
0.962156	0.283985
0.870793	0.0402186
1.19413	-0.216358
1.15212	-0.168966
1.27311	-1.09479
1.87253	-1.65006
2.66775	-2.76899
2.37838	-2.22587
2.52385	-2.47064
2.42994	-2.14642
1.85837	-1.57039
2.2829	-2.65509
2.31243	-2.68719
2.05154	-2.20342
0.912275	-0.796761
1.41887	-1.31753
2.21713	-1.86467
2.65211	-2.1544
2.67341	-2.41906
2.88557	-2.70811
2.13291	-1.60329
1.42149	-1.09758
2.52518	-2.6099
2.90576	-3.0878
2.04608	-1.8176
1.43609	-0.971532
1.359	-0.88934
1.14713	-0.767147
0.875429	-0.395578
0.662693	0.032944
0.904052	-0.0987989
0.85106	-0.209385
0.634751	-0.232659
0.446788	0.231909
1.14374	-0.437444
1.56802	-0.771067
1.47879	-0.706199
1.36939	-0.608744
1.40464	-0.852423
1.3926	-0.999711
-0.428784	0.169171
-0.402289	-0.0342313
-0.1297	0.189412
-0.0373499	0.453189
0.0664064	0.37031
-0.151459	0.301119
0.750595	-0.399578
1.0858	-0.488569
1.40152	-0.687367
1.32529	-0.73142
1.34146	-0.585858
1.07379	-0.45005
1.16719	-0.842116
1.10727	-0.697816
1.07486	-0.638342
1.45495	-0.879905
2.1835	-1.62661
2.12018	-1.42211
2.16999	-1.67904
2.30431	-2.12082
2.61744	-2.72396
2.04597	-1.78206
2.02055	-1.87063
3.23479	-3.7286
3.56908	-4.22412
2.34946	-1.95976
1.66935	-1.22831
1.33062	-0.999434
1.42631	-1.22882
0.973792	-0.703847
0.973122	-0.51765
0.87791	-0.472007
1.02463	-0.787608
1.05286	-0.638551
1.37125	-0.83785
1.87996	-1.17399
1.54617	-0.799905
2.10232	-1.69546
2.0031	-1.65443
0.963667	-0.451778
1.10598	-0.688668
1.38736	-1.20117
0.833439	-0.623065
0.829239	-0.36195
0.867336	-0.0280705
0.804841	-0.0383919
0.696234	-0.277068
1.11394	-0.866046
2.41144	-2.52813
2.79064	-3.24158
2.20379	-2.39037
2.59489	-3.08079
2.31867	-2.63473
2.50342	-2.89052
2.61217	-2.99131
2.84469	-3.41048
2.53115	-3.18058
2.08726	-2.49689
2.30134	-2.65214
1.79631	-1.77714
1.49571	-1.30314
0.428533	-0.485331
0.529054	-0.155621
0.462537	-0.121236
0.351091	0.0735166
0.544017	0.584511
0.450746	0.368692
0.409651	-0.250262
1.15564	-0.660888
1.36121	-1.11011
1.43994	-1.17782
1.42945	-0.904499
2.19608	-1.61452
2.43848	-1.97129
2.91186	-2.89483
2.48939	-2.31434
2.19602	-1.87681
2.36686	-2.21216
2.02803	-1.70936
1.88794	-1.60254
1.47847	-1.14012
1.32411	-1.13029
0.944798	-0.973261
0.554833	-0.912139
0.286148	-0.928604
0.374695	-0.792239
2.6568	-3.31999
2.66548	-3.30964
2.26635	-2.64509
2.26371	-2.61495
2.01472	-2.2398
1.26812	-1.15497
1.07728	-0.977206
1.08817	-0.867392
0.937384	-0.807902
0.681809	0.050407
0.951358	-0.202545
1.51091	-1.26295
1.9276	-1.59415
1.78369	-1.09263
1.81877	-1.06885
2.35885	-1.83988
2.89522	-2.87665
2.9853	-3.4169
1.65793	-1.67085
2.31561	-2.70451
2.93799	-3.54766
3.12161	-3.54737
2.83271	-2.75711
2.61153	-2.31185
2.41278	-2.10065
2.21324	-1.96967
2.16801	-1.85434
1.89829	-1.5308
1.95437	-1.56436
2.30934	-1.92532
2.49096	-2.12887
2.25215	-1.75414
2.01973	-1.41954
2.26759	-1.88885
2.37233	-2.09778
3.17452	-3.32652
2.91551	-3.37966
2.50587	-3.13149
2.7348	-3.57089
2.44565	-3.05501
2.14234	-2.38051
0.738187	-0.823596
0.309248	-0.707661
-0.0688186	-0.760585
-0.175784	-0.835534
-0.235172	-0.969795
-0.160971	-1.02247
-0.0134164	-1.06364
0.29625	-1.07034
0.824245	-1.29961
1.1958	-1.38397
1.72616	-1.75456
1.99199	-1.80306
2.01282	-1.62121
2.38696	-1.97003
2.93175	-2.82301
2.43525	-2.42325
2.35157	-2.48503
1.33467	-1.23629
2.24697	-2.40246
1.75524	-1.58958
1.5306	-1.06967
1.3887	-0.742286
1.50466	-0.802781
1.36801	-0.562695
1.40444	-0.500796
1.40199	-0.570677
1.63407	-0.999866
2.036	-1.68373
2.05476	-1.88902
2.44397	-2.44178
2.74239	-2.83148
2.1519	-2.4844
2.34823	-2.87834
2.16259	-2.7163
2.0841	-2.54968
2.24183	-2.78004
1.74108	-2.0067
0.529597	-0.644168
-0.12519	-0.551512
-0.112241	-0.853935
0.0442243	-1.07442
0.251688	-1.04911
0.438626	-1.02192
0.628115	-0.956794
0.81793	-0.959305
1.06858	-1.04402
1.45959	-1.32539
1.65601	-1.3037
1.0555	-0.369697
0.370757	-0.319308
0.0278375	-0.223342
0.241383	0.102059
0.209091	0.0976765
0.285323	0.332576
0.610136	0.575801
0.556983	0.626773
0.631377	0.503949
0.551349	0.344932
0.654664	0.0202706
0.696817	-0.177839
0.84482	-0.372935
1.2727	-0.98255
1.66883	-1.39334
1.51645	-1.56013
0.83667	-0.656127
0.909349	-0.652463
1.15162	-0.831328
1.64778	-1.41012
1.45156	-1.39246
1.37961	-1.47138
1.06172	-1.24338
1.22716	-1.59941
1.1603	-1.80265
0.749393	-1.38835
0.65487	-1.26084
0.708522	-1.33015
0.686705	-1.23435
0.910597	-1.3511
1.36307	-1.80945
1.40248	-1.55206
1.65272	-1.81083
1.49113	-1.39021
1.07171	-0.917977
1.12019	-0.649473
1.16185	-0.766307
1.02932	-1.09906
0.737558	-0.725882
0.974293	-0.699743
0.632056	-0.212465
0.937822	0.317725
0.835345	-0.528149
0.584304	-0.459849
0.721114	-0.558152
0.452969	-0.946525
0.617313	-1.0168
0.185459	-0.92438
0.613928	-1.27311
0.579127	-1.1704
0.835529	-1.02383
1.38561	-1.04264
0.725165	-0.459894
1.16795	-0.615717
0.899828	-0.210083
0.833914	-0.194798
0.934494	-0.33104
1.4697	-1.32228
1.33746	-0.923798
0.879277	-0.0181858
1.25878	-0.499358
1.97276	-1.6901
2.02765	-1.6175
1.95882	-1.63601
2.17898	-1.59267
1.77531	-1.15905
2.1359	-1.5283
1.83352	-1.16827
2.03878	-1.39469
1.58241	-0.836288
1.56538	-0.802818
1.21673	-0.602122
1.22457	-0.664002
1.30471	-0.877113
1.24029	-0.489465
0.765019	-0.088417
0.914524	-0.299235
1.08914	-0.41115
1.06252	-0.290668
0.861265	-0.271057
