-0.710766	-0.105525
-0.784988	-0.387221
-0.703434	-0.417271
-0.767093	-0.419907
-0.834074	-0.121049
-0.544138	-0.247796
-0.759157	-0.413619
-0.498415	-0.117969
-0.635821	-0.165443
-0.812118	-0.302227
-0.896217	-0.273054
-0.82753	-0.178664
-0.878712	-0.139516
-0.806944	-0.25729
-0.603316	-0.0796849
-0.0608626	0.474943
-0.164106	0.759213
0.21154	0.533331
-0.179612	0.655766
-0.0933802	0.647048
-0.086008	0.663421
-0.156891	0.735207
-0.148665	0.759689
-0.432812	0.786327
-0.388964	0.623892
-0.292251	0.575792
-0.45977	0.669043
-0.525227	0.732157
-0.620932	0.781846
-0.676198	0.67431
-0.72891	0.602728
-0.759274	0.6774
-0.772218	0.632798
-0.726616	0.61854
-0.783715	0.602127
-0.767249	0.655246
-0.580349	0.0908198
-0.66662	-0.121712
-0.780705	-0.0104899
-0.840961	0.166746
-0.839233	0.231235
-0.937263	0.29477
-0.981329	0.462773
-0.778504	0.426424
-0.755464	0.449422
-0.586764	0.368045
-0.422491	0.328163
-0.218259	0.283853
-0.55655	0.628511
-0.748139	0.85844
-0.591471	0.856873
-0.330166	0.849609
-0.266033	0.854443
-0.252993	0.894154
-0.290777	0.909329
-0.310154	0.91073
-0.418133	0.955864
-0.644051	0.911003
-0.366233	0.666331
0.012204	0.617581
-0.126638	0.653782
-0.274691	0.757359
-0.368243	0.907218
-0.404323	0.991323
-0.484533	0.94697
-0.619553	0.908163
-0.621628	0.873384
-0.553598	0.450374
-0.489287	0.0194612
-0.527772	-0.0414159
-0.445494	-0.113276
-0.424246	-0.0726553
-0.415015	-0.0809585
-0.364387	-0.014505
-0.352907	0.202438
-0.0168484	0.287378
0.188088	0.464801
0.456067	0.454023
0.46149	0.684889
0.163361	0.646842
0.0161586	0.743403
0.0961232	0.573721
0.100978	0.474096
0.091075	0.336734
0.111859	0.258108
-0.0701294	0.300175
-0.342627	0.37688
-0.486169	0.457017
-0.446764	0.441562
-0.310491	0.442301
-0.0601035	0.709195
0.0630704	0.574689
0.0387178	0.594635
0.312341	0.536626
0.376972	0.487584
0.227158	0.401319
0.0439602	0.248489
-0.233347	0.330825
-0.180747	-0.0137977
-0.00210697	-0.197474
-0.062192	0.152096
-0.425593	0.349993
-0.484287	0.0501988
-0.587608	0.0155805
-0.362113	0.205562
-0.40115	0.456841
-0.373786	0.331203
-0.371271	0.351532
-0.349646	0.597027
-0.404529	0.405523
-0.417749	0.122557
-0.572507	0.291258
-0.440064	0.411716
-0.109934	0.396935
0.0182649	0.387989
-0.00963533	0.544606
-0.2173	0.43097
-0.368044	-0.00350857
-0.302599	-0.134446
-0.140577	-0.124577
0.0411439	-0.23532
0.0992925	-0.16742
-0.264353	-0.12119
0.0920373	-0.0746279
-0.375736	0.123942
-0.591051	0.336353
-0.639832	0.414594
-0.639637	0.364802
-0.600395	0.37907
-0.691913	0.0231893
-0.775806	-0.0899178
-0.822212	-0.17325
-0.843892	-0.267545
-0.655425	-0.152547
-0.610384	-0.0886879
-0.512065	-0.0387638
-0.217904	0.151049
-0.348016	-0.0199958
-0.65585	0.462669
-0.774559	0.498361
-0.47805	0.614401
-0.0812099	0.25367
-0.451506	0.230109
-0.363072	0.120178
-0.534494	0.116538
-0.436564	0.114951
-0.555243	0.179829
-0.585314	0.17075
-0.674456	0.155661
-0.65863	0.189336
-0.396051	0.0955489
-0.319791	-0.0146337
-0.317216	-0.187397
-0.267402	-0.398689
-0.384525	-0.434941
-0.227118	-0.425257
-0.0528904	-0.600441
-0.140465	-0.468603
-0.0232647	-0.458058
0.129913	-0.438855
0.222358	-0.0196194
-0.00152222	0.0595111
0.0123143	0.0812203
0.0204119	0.199503
-0.162182	0.044199
-0.377304	0.0340816
-0.148716	0.0449756
-0.384688	0.0861902
-0.566656	0.221981
-0.435781	0.198313
-0.465786	0.25308
-0.644601	0.424353
-0.557997	0.405765
-0.625509	0.551092
-0.0704101	0.661651
0.119553	0.600641
-0.0194241	0.328714
-0.249431	0.143568
-0.080626	-0.15729
-0.207687	-0.200048
-0.0585257	-0.0907587
-0.624174	-0.613718
-0.502586	-0.59009
-0.466764	-0.290983
-0.382399	-0.110531
-0.140068	-0.152034
-0.156658	-0.28044
-0.0592052	-0.384861
-0.334417	-0.163666
-0.217364	-0.23389
-0.325248	-0.143865
-0.286566	-0.106975
-0.368347	-0.0730879
-0.566751	-0.00689599
-0.646651	-0.291279
-0.815828	-0.321146
-0.814671	-0.287094
-0.833464	-0.358606
-0.967982	-0.386848
-0.692259	-0.22395
-0.959978	-0.0410672
-0.787723	-0.298687
-0.793426	-0.275207
-0.795014	-0.28093
-0.898834	-0.419884
-0.399581	-0.0319267
-0.577138	-0.0320271
-0.751052	-0.0859663
-0.84985	-0.399121
-1.02215	-0.32506
-0.80654	-0.120718
-0.538399	-0.237641
-0.630103	0.0195278
-0.790076	-0.056372
-0.945727	-0.160841
-0.834589	-0.220491
-0.737007	-0.198482
-0.994843	0.22901
-0.541253	0.574479
-0.515313	0.044842
-0.318155	-0.0578377
-0.0494801	-0.131284
0.089099	-0.269775
-0.0346071	-0.48247
-0.207051	-0.432587
-0.354429	-0.165765
-0.402979	-0.162655
-0.50683	-0.0597575
-0.609675	-0.0370536
-0.536211	-0.0223157
-0.571803	0.0809465
-0.601419	0.221346
-0.615964	0.408688
-0.510868	0.524267
-0.446923	0.653414
-0.57074	0.830313
-0.650827	0.956498
-0.668654	1.09783
-0.636725	1.06657
-0.545091	1.03339
-0.386254	0.957032
-0.447059	0.905637
-0.50131	0.819414
-0.627426	0.708485
-0.717981	0.452035
-0.652448	0.158187
-0.462481	0.00345323
-0.198388	0.00908237
0.0401987	0.117367
0.0997527	0.228882
0.0898153	0.426443
-0.13058	0.427453
-0.449777	0.231854
-0.330356	-0.155111
-0.185915	-0.0805454
-0.736292	0.0902439
-0.444266	-0.0885253
-0.541004	-0.211945
-0.38482	-0.139622
-0.512835	-0.327661
-0.777832	-0.189712
-0.824537	-0.150107
-0.785592	-0.134573
-0.774978	-0.116865
-0.796541	-0.0716258
-0.835617	-0.0540123
-0.741981	-0.163084
-0.715273	-0.214648
-0.722373	-0.265227
-0.724371	-0.327452
-0.688881	-0.389832
-0.746882	-0.36568
-0.820608	-0.229308
-0.606187	-0.211616
-0.520964	-0.0354909
-0.56557	0.104942
-0.622026	0.259521
-0.903135	0.388517
-0.891469	0.538825
-0.801522	0.529012
-0.885698	0.533874
-0.90737	0.523781
-0.892448	0.414407
-0.91697	0.462787
-0.609479	-0.0349901
-0.535283	-0.252382
-0.599164	-0.153555
-0.699557	-0.0124723
-0.853345	0.130028
-0.831195	0.40934
-0.768136	0.636118
-0.686171	0.571855
-0.623794	0.631965
-0.271692	0.632097
-0.177831	0.591859
-0.360398	0.390388
-0.363754	0.326882
-0.106427	0.38035
-0.405818	0.25639
-0.490989	-0.0125871
-0.605076	0.0330089
-0.903293	-0.00427273
-0.993689	-0.144423
-0.551305	0.157104
-0.903277	-0.139934
-0.801989	-0.260991
-0.576557	-0.331197
-1.0039	-0.170418
-0.134755	-0.034205
-0.0790399	0.0499912
-0.135916	0.039984
-0.119638	0.16515
-0.39199	0.216024
-0.897251	-0.0767182
-0.38815	0.0329528
-0.214171	-0.140754
-0.0966475	-0.154827
-0.129536	-0.112553
-0.0810105	-0.0882284
-0.0436915	-0.0521177
-0.0379564	-0.0209342
-0.0230887	0.025453
0.0190992	0.0779857
-0.102277	0.326622
-0.160704	0.108874
-0.792546	-0.190689
-0.830154	-0.116967
-0.50253	-0.189578
-0.500108	0.0232495
-0.381706	-0.119514
-0.0464051	-0.27022
-0.461127	-0.00841082
0.161212	0.12088
0.0862305	0.409926
0.444353	0.234202
0.226461	0.140156
0.0175837	0.139214
-0.155174	-0.0370398
-0.305335	-0.00449038
-0.151848	0.0921403
-0.346508	0.0754296
-0.537548	0.137606
-0.493877	0.202645
-0.223848	0.421874
-0.150642	0.418348
-0.0512468	0.704805
-0.525028	0.572118
-0.17067	0.185539
-0.32843	0.372834
0.205385	0.462509
0.473047	0.240728
0.42879	-0.0398618
-0.0594615	-0.315998
-0.353907	-0.208068
-0.566883	-0.192785
-0.719904	-0.261399
-0.545004	-0.228563
-0.44174	-0.113062
-0.485112	-0.0406009
-0.527529	0.177026
-0.691157	0.152184
-0.548135	0.240261
-0.380078	-0.135816
-0.519509	-0.352642
-0.583925	-0.206492
-0.821844	0.185601
-0.810451	0.463599
-0.690894	0.540957
-0.563421	0.443584
-0.339908	0.319302
-0.0514699	0.623036
0.206974	0.867326
0.213992	1.00952
-0.0500307	1.03028
-0.326897	0.685243
-0.273483	0.611479
-0.434037	0.738333
-0.315595	0.6399
-0.234621	0.666294
-0.208736	0.582839
-0.0721578	0.516157
0.0994014	0.403837
-0.149286	0.359992
-0.12076	0.14515
-0.278639	0.160832
-0.780178	-0.315107
-0.854681	-0.216876
-0.947351	-0.5111
-0.431485	-0.276386
-0.0381412	0.456547
-0.363457	0.672511
-0.277462	0.313965
-0.366977	-0.0514688
-0.342448	-0.188659
-0.206383	-0.168442
-0.175922	0.318683
-0.117358	0.255769
0.315746	-0.111256
0.249204	0.113866
-0.200774	0.0172687
-0.538482	0.0368275
-0.719082	0.0292003
-0.606835	-0.114267
-0.622986	-0.210554
-0.77204	-0.11707
-0.242519	-0.121934
-0.523304	-0.237732
-0.570886	-0.316245
-0.762731	-0.285038
-0.732342	-0.293643
-0.826631	-0.252895
-0.734716	-0.29616
-0.734943	-0.321017
-0.738182	-0.267313
-0.732567	-0.131632
-0.665216	-0.032829
-0.670765	0.498849
-0.701244	0.641217
-0.420626	0.466691
-0.274188	0.359657
-0.00168278	0.190941
-0.067053	0.20687
0.0215828	0.0130997
-0.0561802	0.224424
0.0741005	0.543613
-0.0527103	0.230575
-0.334023	0.147605
-0.286464	-0.0288054
-0.201725	0.250819
-0.264693	0.11713
-0.75697	-0.0767305
-0.905329	-0.321968
-0.898082	-0.259034
-0.77798	-0.249646
-0.787884	-0.332336
-0.794442	-0.333793
-0.797134	-0.274595
-0.757761	-0.355851
-0.570305	-0.223744
-0.687301	-0.177008
-0.668773	-0.20256
-0.279812	0.108082
-0.318931	-0.0888304
-0.495144	0.36229
-0.325944	0.503924
-0.21113	0.433622
0.0240568	0.479406
0.192808	0.367477
0.157724	0.00532524
-0.0190578	-0.00940793
-0.185058	-0.124736
-0.316579	-0.462858
-0.412578	-0.341003
-0.741785	0.0385641
-0.566126	0.0665373
-0.509788	0.131418
-0.647669	0.209338
-0.40184	0.0327602
-0.764385	-0.209044
-0.699784	-0.144956
-0.629452	-0.251047
-0.141018	0.0280652
-0.247436	-0.0406209
-0.296675	-0.173315
-0.333494	-0.259543
-0.228118	-0.231553
-0.0243406	-0.100592
0.0964961	0.050458
0.289455	0.211561
0.2411	-0.179198
-0.165919	-0.262298
-0.270428	-0.298041
-0.00420037	-0.317976
-0.307043	-0.31671
-0.219674	-0.0408996
0.194792	0.47177
-0.178883	0.262843
-0.477834	0.298376
-0.345322	0.183527
-0.441651	0.174883
-0.793806	0.351471
-0.809286	0.279989
-0.698865	0.157516
-0.57297	0.197794
-0.298433	0.225024
-0.19609	0.0513121
-0.20717	0.072493
-0.475586	-0.122077
-0.534893	-0.311784
-0.441562	-0.43966
-0.265076	-0.401662
-0.194465	-0.322872
0.0277402	-0.23536
0.248246	-0.13301
0.111355	-0.0850821
-0.11025	0.0451574
0.0402259	-0.0749145
-0.251442	-0.198926
0.187047	-0.229764
0.0336366	0.0638005
-0.0846157	0.562579
-0.176697	0.48135
-0.159195	0.532965
0.022569	0.397522
0.170291	0.339555
0.22232	0.401274
0.124274	0.388269
0.257511	0.415115
0.0441236	0.255425
-0.40977	0.260436
-0.740546	-0.121422
-1.0172	-0.145957
-1.10648	-0.127601
-1.10716	0.0614083
-1.15893	-0.0797075
-1.07359	-0.0145264
-0.863959	0.202113
-0.980371	0.0500334
-0.751127	0.791517
-0.47067	0.829273
-0.521227	0.7238
-0.529823	0.567067
-0.51707	0.547361
-0.45485	0.395432
-0.334396	0.216779
-0.13444	0.167892
0.218362	0.0822033
0.193139	0.207594
0.203024	0.357697
0.333964	0.397415
0.224619	0.551048
0.342003	0.512152
0.192722	0.339447
-0.0802642	0.486891
-0.440063	0.548723
-0.620608	0.441679
-0.158628	-0.0288079
-0.37092	0.454066
-0.616561	0.664065
-0.495658	0.642509
-0.514168	-0.0169088
-0.601717	-0.0340729
-0.63257	-0.126958
-0.844081	-0.0309957
-0.964744	-0.0848171
-1.03876	0.026126
-0.98952	0.0689566
-0.931307	0.180471
-0.853087	0.37945
-0.660631	0.555841
-0.391274	0.756336
-0.240555	0.877169
-0.154216	1.01198
-0.293953	1.1854
-0.404882	1.18433
-0.430669	1.07262
-0.450763	0.864285
-0.28176	0.833358
-0.2548	0.788514
-0.267003	0.848782
-0.196803	0.636231
-0.109971	0.493426
-0.233662	0.576625
-0.181301	0.491442
0.0902002	0.343647
-0.22281	0.123861
-0.3151	-0.208461
-0.340778	-0.189719
-0.319603	-0.114479
-0.235045	-0.45809
-0.337821	-0.335566
-0.205584	-0.393423
-0.270093	-0.308572
-0.158969	-0.0648687
-0.230061	-0.225517
-0.283362	-0.0971334
-0.407883	-0.0879483
-0.463507	0.0357013
-0.462583	-0.219383
-0.542893	-0.207241
-0.685209	-0.205671
-0.611643	-0.196247
-0.742164	-0.27641
-0.526215	-0.240833
-0.896153	-0.208003
-0.678313	-0.0848474
-0.673743	-0.269637
-0.510469	-0.397709
-0.28137	-0.193696
-0.12859	-0.0798559
-0.0686271	0.0221781
-0.0161226	0.0232788
0.0197793	0.133152
0.0241522	0.0296872
-0.20903	-0.00172748
-0.303797	0.0908553
-0.653328	-0.0146355
-0.632351	-0.0453183
-0.80973	0.0990611
-0.763614	-0.0802381
-0.655178	-0.279718
-0.841998	-0.129289
-0.951365	-0.242338
-0.797141	-0.340214
-0.952426	-0.489469
-0.475045	-0.109202
-0.813505	-0.245281
-0.805206	-0.13431
-0.94401	-0.486348
-0.892066	-0.366843
-0.841154	-0.371271
-0.685793	-0.298323
-0.692922	-0.249666
-0.763687	-0.166114
-0.353811	0.0166343
0.0817068	0.31154
0.0828274	0.553977
0.0380317	0.507885
-0.122917	0.426315
0.0130387	0.326354
0.0555346	0.478764
-0.36432	0.488617
-0.457153	0.652229
-0.356399	0.873413
-0.407777	0.664042
-0.276945	0.593993
-0.0644447	0.679104
0.235209	0.625323
0.0440676	0.546776
-0.0814613	0.26874
-0.308604	0.256514
-0.415597	0.0777507
-0.459738	-0.186716
-0.489005	-0.120835
-0.333869	-0.244542
-0.422464	-0.0986986
-0.359475	-0.181137
-0.631599	-0.249504
-0.468831	-0.150452
-0.297013	0.202135
-0.583648	0.455215
-0.668436	0.31951
-0.685981	0.290025
-0.953089	0.438648
-0.981463	0.463826
-0.900365	0.416329
-0.910949	0.49386
-0.792231	0.50079
-0.672847	0.591361
-0.551449	0.581776
-0.582651	0.487652
-0.513999	0.41846
-0.573918	0.445668
-0.490187	0.522757
-0.353575	0.45875
-0.427342	0.506058
-0.426446	0.602838
-0.312365	0.769257
-0.351597	0.757041
0.0949229	0.585933
0.204696	0.679408
0.178908	0.685851
-0.428914	0.469026
-0.235757	0.606237
-0.197042	0.812991
-0.284436	0.336672
-0.149263	0.247824
-0.0598611	0.572916
0.122047	0.290741
0.112239	0.00308468
-0.410269	0.182177
-0.932525	0.158732
-0.937414	-0.00116502
-0.992841	-0.0722579
-0.96242	-0.198544
-0.909737	-0.34255
-0.693575	-0.468053
-0.448582	-0.444491
-0.0697897	-0.172798
-0.0749523	0.256365
-0.569826	-0.146323
-0.89342	-0.0021828
-1.10029	-0.0769918
-1.15186	-0.0187436
-0.879136	0.207354
-0.844146	-0.0229119
-0.831815	0.0972428
-0.423634	0.434459
-0.539618	0.568484
-0.409899	0.656308
-0.371028	0.689486
-0.427886	0.701617
-0.349536	0.841722
-0.00102392	0.374595
-0.202867	0.233323
-0.424594	0.181961
-0.645614	0.117401
-0.792333	-0.00548792
-0.796875	-0.167135
-0.655334	-0.00691669
-0.651426	-0.220831
-0.526065	-0.431005
-0.557595	-0.418697
-0.545771	-0.398379
-0.348103	-0.22966
-0.711112	0.411029
-0.869249	0.529721
-0.772901	0.513089
-0.760273	0.481945
-0.708807	0.572055
-0.699316	0.583181
-0.638395	0.608586
-0.642332	0.598286
-0.359601	0.492519
-0.269374	0.546216
-0.148058	0.573773
-0.00190301	0.44185
-0.101606	0.498264
0.0302565	0.379838
-0.210993	0.472449
-0.333144	0.393988
-0.374909	0.548633
-0.377823	0.621316
-0.208748	0.77031
0.0951511	0.602019
0.00532536	0.474993
-0.0332341	0.348808
-0.0461242	0.423658
-0.00929482	0.21827
-0.232252	0.252298
-0.254662	0.153738
-0.440976	0.083059
-1.42867	-0.157074
-1.34696	0.206932
-0.469271	-0.20602
-0.0521801	-0.0105919
-0.139632	0.347048
0.0661784	0.694009
-0.454071	0.644869
-0.575795	0.539338
-0.848848	0.429828
-0.807074	0.457541
-0.835881	0.454402
-0.576856	0.309973
-0.301838	0.465321
-0.299535	0.367776
-0.449107	0.188619
-0.524272	0.0249599
-0.67605	0.0460937
-0.58431	0.0856587
-0.756602	-0.237017
-0.547943	-0.0242945
-0.520877	-0.0929409
-0.915169	-0.0667988
-0.734488	0.026265
-0.490808	-0.0924994
-0.470695	-0.0625915
-0.33496	-0.30262
-0.623204	-0.225583
-0.781175	-0.136458
-0.71305	-0.143749
-0.233376	-0.157592
0.0903369	0.203047
0.156977	0.0263412
-0.13897	0.0826892
-0.401404	-0.217233
-0.479792	-0.379767
-0.429008	-0.284107
-0.439062	-0.121214
-0.662037	-0.023364
-0.580478	-0.141086
-0.608307	-0.0657936
-0.354003	-0.239593
-0.372132	-0.442058
-0.127813	-0.0457429
-0.236677	0.0347988
-0.248551	0.0505617
-0.175713	0.172534
-0.620792	0.470827
-0.679679	0.280906
-0.771151	-0.0387121
-0.560223	0.305958
-0.266874	0.23617
-0.413798	0.445713
-0.0558375	0.318735
0.153214	0.403754
0.319361	0.337396
0.498051	0.332776
0.595236	0.284172
0.278864	0.34486
0.171027	0.442378
0.0695994	0.380855
0.0253893	0.209068
-0.151644	0.119747
-0.251395	0.0056062
-0.328886	-0.131709
-0.449351	-0.25294
-0.56276	-0.327521
-0.363355	-0.0207223
-0.442512	-0.323988
-0.487984	-0.0611039
-0.499549	-0.190151
-0.405221	-0.358227
-0.424474	-0.328609
-0.490745	-0.20969
-0.51553	-0.0358992
-0.495221	0.102765
-0.329297	0.0856566
-0.364398	0.0177208
-0.480548	-0.279153
-0.450872	-0.230991
-0.255681	-0.188174
-0.352055	-0.167221
-0.660749	-0.00300985
-0.676438	-0.245525
-0.568346	-0.218852
-0.644463	-0.182682
-0.747473	-0.204157
-0.656525	-0.364143
-0.396224	-0.263651
-0.368754	-0.342285
-0.476216	-0.303156
-0.409733	-0.580891
-0.204395	-0.609121
-0.346735	-0.478888
-0.325073	-0.52555
-0.261848	-0.583737
-0.23945	-0.503783
-0.136631	-0.168467
0.0482828	-0.306208
-0.170899	-0.585579
-0.278807	-0.546192
-0.236341	-0.419257
-0.453377	-0.430367
-0.688986	-0.450736
-0.742194	-0.495138
-0.730689	-0.284618
-0.818625	-0.205837
-0.563676	-0.217978
-0.605788	-0.202051
-0.769422	-0.26558
-0.813988	-0.297293
-0.710267	-0.355517
-0.699835	-0.27169
-0.778147	-0.338111
-0.344196	0.0274113
-0.750941	-0.250902
-0.675628	-0.338966
-0.820521	-0.0541308
-0.856403	-0.249727
-0.797507	-0.40809
-0.701161	-0.204666
-0.664059	-0.281782
-0.827319	-0.243575
-1.00676	-0.115172
-0.747625	-0.23182
-0.40692	0.237716
0.131186	0.257635
0.0942758	0.6
-0.0124227	0.486926
0.106897	0.212531
-0.0665578	0.0560153
-0.186187	0.0500408
-0.114827	0.0433226
0.0143902	-0.0334165
0.220429	-0.0869402
0.235512	-0.0816163
0.429351	0.0460446
0.39316	0.238333
0.199503	0.365113
0.175248	0.130406
-0.0355	0.0546009
-0.172365	0.0728633
-0.251378	0.0192737
-0.185252	-0.247622
-0.117201	-0.145199
-0.141204	-0.142128
-0.239101	-0.289588
-0.162267	-0.126903
0.0568286	0.000568088
0.109377	0.0659066
0.0605102	0.0484839
0.081135	-0.210184
-0.0709221	-0.36831
-0.265156	-0.443793
-0.542646	-0.388423
-0.650687	-0.375326
-0.466111	-0.388953
-0.511301	-0.307571
-0.27972	-0.192025
-0.273003	0.234892
-0.194366	0.607694
-0.309961	0.388942
-0.0205533	0.633451
-0.00695102	0.731426
0.179006	0.569481
0.522867	0.354457
0.616491	0.312302
0.469843	0.397673
0.242847	0.414388
0.415004	0.162739
0.535866	-0.145124
0.370515	0.0933468
0.203434	0.0440547
0.376093	-0.0550933
0.224494	0.146964
0.27782	0.104481
0.16902	0.258416
0.017015	0.302092
0.135642	0.380297
0.219238	0.344061
0.114107	0.158316
-0.0331349	-0.0286509
-0.187581	-0.417838
-0.0291314	-0.493853
-0.0758676	-0.411502
-0.410457	-0.453649
-0.18956	-0.296807
-0.344409	0.22494
-0.258118	0.426975
-0.385685	0.236268
-0.659035	0.00328814
-0.583888	0.0386806
-0.527855	-0.226955
-0.411434	-0.235236
-0.299584	0.351414
-0.528936	0.323628
-0.817879	0.383308
-0.7967	0.57926
-0.760402	0.605632
-0.829071	0.576732
-0.872753	0.394496
-0.595687	0.185185
-0.373425	0.142898
-0.208043	0.132715
-0.113908	0.288106
0.0615028	0.288811
0.102386	0.388744
-0.00190204	0.527116
0.103325	0.415287
0.174612	0.262583
0.278215	0.182668
0.275692	0.204416
0.318219	0.380078
0.0405889	0.532893
-0.284896	0.704672
-0.257166	0.620892
-0.251554	0.427891
-0.109786	0.339942
-0.119213	0.0985127
-0.049772	0.0624077
-0.109068	-0.0101716
-0.0573701	-0.128559
-0.0241885	-0.32834
-0.22738	-0.324525
-0.311972	-0.388945
-0.144133	-0.232198
-0.0480852	-0.189701
0.323192	-0.0407668
0.465021	0.236
0.310797	0.333594
0.395641	0.214146
0.351447	0.136865
0.36023	0.335702
0.275744	0.313383
0.256352	0.550154
0.178849	0.258529
-0.0865713	0.0333949
-0.325114	-0.118756
-0.463481	-0.338855
-0.751123	-0.327822
-0.801151	-0.269937
-0.788494	-0.00619208
-0.933685	0.243085
-0.370269	0.361603
-0.152255	0.362407
0.0231742	0.185148
0.00799194	0.269719
0.112045	0.19738
-0.0917135	0.272865
-0.443626	0.375482
-0.694243	0.46056
-0.764464	0.276249
-0.92487	0.150282
-0.921443	-0.0133731
-0.532494	0.0157706
-0.52677	0.0931347
-0.43893	-0.0267393
-0.288867	-0.337625
-0.508828	-0.438524
-0.687324	-0.124515
-0.508198	-0.133808
-0.451335	-0.245878
-0.430793	-0.346132
-0.659344	-0.339153
-0.423253	-0.255948
-0.599759	0.0828625
-0.6469	-0.172834
-0.721642	-0.0827555
-0.804447	-0.307697
-0.979251	-0.179525
-0.7811	-0.205538
-0.951793	-0.291774
-0.813536	-0.230608
-0.912994	-0.0924344
-1.06036	-0.344501
-0.693752	-0.228777
-0.90581	-0.298576
-1.03988	-0.265751
-1.02627	-0.46507
-0.757721	-0.255449
-0.988042	-0.227728
-0.736749	-0.283118
-0.920969	-0.148186
-0.931327	-0.233839
-0.745814	-0.423841
-1.01964	-0.466758
-1.00943	-0.175428
-0.976128	-0.256459
-0.930507	-0.376912
-0.810889	-0.267693
-0.936364	-0.339227
-0.651474	-0.0763168
-1.11087	0.260718
-0.860053	0.17416
-0.420127	-0.231336
-0.451822	-0.203586
0.0328115	0.176094
0.200265	0.2221
0.231737	0.2774
0.18295	0.234625
0.155702	0.278865
0.0268613	0.213089
0.0365916	0.277983
-0.0783535	0.282642
0.00532115	0.207024
-0.0340338	0.290857
-0.593868	0.777643
-0.623174	0.704871
-0.676731	0.822617
-0.708351	0.90519
-0.600908	0.825253
-0.57014	0.874049
-0.515116	0.737381
-0.479243	0.693725
-0.29586	0.372044
-0.388562	0.0570664
-0.46448	0.00521659
-0.480933	0.213086
-0.457617	0.424045
-0.7481	0.453276
-0.90493	0.37028
-0.894462	0.24603
-0.818927	0.0471212
-0.822016	-0.124729
-0.796841	-0.258339
-0.816567	-0.302033
-0.709006	-0.322477
-0.644391	-0.32094
-0.477289	-0.295263
-0.337578	-0.183739
-0.202242	-0.0231563
-0.200751	0.109591
-0.00923285	0.114638
-0.149349	-0.0328997
-0.487193	0.0679906
-0.557596	-0.0152338
-0.510499	-0.169716
-0.736246	-0.429261
-0.76689	-0.250434
-0.770097	-0.146236
-0.837153	-0.245271
-0.287045	-0.186705
-0.431625	0.333406
-0.57468	0.189335
-0.991961	0.547291
-0.364085	0.410508
-0.694964	0.420718
-0.672295	0.302116
-0.546434	-0.0957266
-0.691715	-0.142362
-0.618897	-0.382564
-0.854267	-0.188749
-0.850295	-0.16986
-0.870347	-0.426182
-0.48176	-0.34964
-0.391547	-0.560489
-0.218076	-0.27379
-0.292147	-0.0643712
-0.10836	0.0272578
-0.232186	0.0686824
-0.283179	0.0298064
-0.388582	-0.158364
-0.466264	-0.340242
-0.430813	-0.205059
-0.496564	-0.169003
-0.637827	-0.121918
-0.834481	0.0846408
-0.568648	0.0673003
-0.398145	0.112977
-0.577154	0.134157
-0.646727	0.346538
-0.449065	0.629822
-0.194093	0.875457
-0.162942	0.78683
-0.0115568	0.417518
-0.190644	0.446526
-0.421621	0.443084
-0.648795	0.481827
-0.54752	0.341749
-0.476422	0.206122
-0.43317	0.15086
-0.374023	0.0717252
-0.398508	0.0411464
-0.557131	0.0406105
-0.55523	-0.0763139
-0.357561	-0.225114
-0.284823	-0.132013
-0.257113	0.0240774
-0.276703	0.236262
-0.0658254	0.412691
-0.149322	0.320357
-0.151355	0.301829
-0.252046	0.136942
-0.535375	-0.0315028
-0.532282	-0.315132
-0.605458	-0.333601
-0.329577	-0.477119
-0.44347	-0.236721
-0.545055	-0.304607
-0.418419	-0.330919
-0.543257	-0.191534
-0.681441	-0.213986
-0.518	0.0392619
-0.494162	0.102004
-0.404339	-0.0696693
-0.390017	-0.0874767
-0.376103	-0.164074
-0.509615	-0.0359146
-0.370832	0.00790653
-0.431031	0.174956
-0.057145	0.507339
0.343515	0.176347
0.275371	0.0529204
0.32866	-0.0193527
0.17631	0.154742
-0.263197	0.150854
-0.465611	-0.0426849
-0.563973	-0.00797298
-0.505	-0.291312
-0.658623	-0.114678
-0.723883	-0.136923
-0.804922	-0.21166
-0.973508	-0.234525
-1.00133	-0.23196
-0.976066	-0.165402
-0.910337	-0.0528176
-0.55099	-0.0133522
-0.111932	-0.110946
-0.197371	-0.222429
-0.358449	-0.378676
-0.589065	-0.489898
-0.517016	-0.505234
-0.528482	-0.56958
-0.418997	-0.638841
-0.557638	-0.513891
-0.689968	-0.411168
-0.737758	-0.325483
-0.472904	-0.179989
-0.028896	0.216944
0.143094	0.297337
0.245503	0.310656
0.0154062	0.268839
-0.412508	0.37989
-0.460333	0.532164
-0.364628	0.691381
-0.387146	0.815171
-0.0973655	0.968898
-0.0530013	0.826714
0.306252	0.946309
0.258025	0.902493
-0.139084	0.976353
-0.105275	0.98994
0.0197523	0.79365
-0.202529	0.270227
-0.309554	-0.0436233
-0.478077	-0.156096
-0.490627	-0.252168
-0.871687	-0.0515018
-0.792246	-0.117032
-1.01411	-0.21745
-0.748034	-0.175358
-0.950527	-0.273496
-0.729008	-0.293027
-0.818902	-0.417762
-0.956682	-0.287975
-0.766865	-0.319264
-0.80282	-0.149894
-0.680494	-0.185137
-0.450756	-0.164556
-0.392928	0.00328375
-0.626321	0.053527
-0.622932	-0.199108
-0.679062	0.0330225
-0.777044	-0.111219
-0.847333	-0.353111
-0.803433	-0.210612
-0.856892	-0.246389
-0.946775	-0.267582
-0.79231	-0.307946
-0.748594	-0.337938
-0.871545	-0.338602
-0.932393	-0.494791
-0.863946	-0.452165
-0.729532	-0.337736
-0.55878	0.00963993
-0.791164	-0.193135
-0.813834	-0.404241
-0.674801	-0.28596
-0.793137	-0.327863
-0.86171	-0.212785
-0.778065	-0.277956
-0.86987	-0.285336
-0.609321	0.0381947
-0.195699	0.236483
-0.228917	0.21025
-0.683023	0.0538593
-1.07965	-0.25282
-1.02516	0.0474443
-1.09933	-0.0769811
-1.26172	-0.174741
-1.16176	-0.0187306
-1.07891	0.0786259
-1.02786	0.142636
-0.886353	0.170885
-0.410656	0.0855992
-0.538507	0.194276
-0.477116	-0.00921701
-0.864497	0.0556631
-0.852447	-0.184884
-1.14137	-0.23532
-1.04009	-0.168297
-0.539336	0.748277
-0.557049	0.613486
-0.307887	0.555868
-0.28338	0.525867
-0.25985	0.471651
-0.208598	0.278923
-0.130301	0.0670046
0.123527	0.0277139
-0.0221904	0.228518
-0.175217	0.295169
-0.303517	0.442022
-0.607754	0.208365
-0.69061	0.0822921
-0.734408	-0.00726814
-0.220817	0.293523
-0.481811	0.131871
-0.296369	0.0808828
-0.300744	0.0801158
-0.283141	0.122695
-0.148004	0.127595
-0.0697607	0.181968
-0.116841	0.345955
0.251987	0.40015
0.372125	0.211768
0.349059	0.223882
0.160041	0.103135
0.0388603	0.0805138
-0.451116	0.0441772
-0.264848	0.128399
-0.321982	0.473872
-0.218261	0.455161
0.0414222	0.47716
0.123263	0.246129
0.2732	0.125293
0.20501	0.238589
0.281583	0.668604
0.321208	0.442798
0.211046	0.434451
0.0484883	0.520448
-0.167337	0.574618
-0.137071	0.663231
-0.0163476	0.571211
-0.00600578	0.43777
0.0168178	0.491686
-0.00992183	0.504312
0.139521	0.581115
0.261242	0.516569
0.0941764	0.472323
-0.0667772	0.396053
-0.191103	-0.0289601
-0.176415	-0.16768
-0.0731525	-0.31048
-0.301119	-0.168599
-0.207363	-0.312503
-0.404974	-0.180423
-0.515616	-0.115802
-0.654897	0.178544
-0.444904	0.264401
-0.334776	0.791586
-0.439131	0.918902
-0.180886	0.744385
-0.253989	0.820696
-0.352152	0.938274
-0.401615	0.945201
-0.385102	1.03431
-0.470488	0.969853
-0.559122	0.984105
-0.52801	0.95104
-0.592264	0.863288
-0.609772	0.739489
-0.66624	0.58023
-0.705981	0.485406
-0.682344	0.384967
-0.702409	0.297235
-0.684644	0.216844
-0.681023	0.14507
-0.653438	0.0904383
-0.574871	0.00998762
-0.48808	-0.02691
-0.646516	0.405785
-0.873004	0.701195
-0.762471	0.610047
-0.610761	0.504556
-0.751055	0.537383
-0.681515	0.475944
-0.658899	0.399191
-0.803857	0.529399
-0.835787	0.506394
-0.704193	0.388673
-0.734969	0.387584
-0.819597	0.503076
-0.672035	0.375654
-0.551739	0.162349
-0.545843	0.120111
-0.340615	-0.00293136
-0.261987	0.0725076
-0.0497201	0.102631
0.0879294	0.246184
0.325724	0.294334
0.266662	0.190226
0.290906	0.0935567
0.26094	0.0238734
0.199033	-0.0940371
-0.00762673	0.149721
0.120127	0.124896
-0.235684	0.232299
-0.432577	0.277061
-0.582136	0.419727
-0.639147	0.490885
-0.69988	0.499675
-0.635033	0.377069
-0.386275	0.0949733
0.212447	0.421649
0.125475	0.552023
-0.141589	0.283035
-0.361408	0.115455
-0.3271	0.0963466
-0.117464	0.125128
-0.0366922	0.080208
0.132605	0.00596267
0.0567738	0.0272996
-0.0118435	0.182416
-0.0104071	0.207545
-0.0349999	0.16838
0.00252572	0.123514
0.0209924	0.0901726
-0.0303568	0.122766
-0.082971	0.0183242
-0.149059	-0.00623565
-0.226547	-0.06058
-0.321594	-0.046149
-0.366075	-0.00255065
-0.421873	0.0612117
-0.453586	0.0720175
-0.489375	0.0470337
-0.442304	0.111907
-0.414337	0.0683694
-0.207359	-0.0142098
-0.0408067	0.0911543
-0.107299	0.363845
0.131756	0.315506
-0.0724433	0.254427
0.0469856	0.0849291
0.209421	-0.290912
-0.242451	-0.170636
-0.43148	-0.100001
-0.451461	-0.375322
-0.593458	-0.158135
-0.533727	-0.421191
-0.436166	0.09998
0.143511	0.1392
0.117979	0.140832
-0.0907311	-0.0486124
-0.126754	-0.0221138
0.0486986	-0.00467073
-0.0289797	0.0755401
0.0634953	0.00112102
0.00407912	0.0977741
0.0282915	0.166644
0.113702	0.140767
-0.0686146	0.0304816
0.0179794	0.131483
-0.212841	0.0974398
-0.316223	0.00891577
-0.456429	-0.065407
-0.694947	-0.275903
-0.628091	-0.157734
-0.673831	-0.209478
-0.503351	-0.300154
-0.169649	0.477579
-0.121648	0.4632
-0.0795408	0.565407
-0.210252	0.607523
-0.130103	0.453279
-0.25522	0.584254
-0.282047	0.479288
-0.358415	0.560461
-0.156078	0.553247
-0.117682	0.418272
0.0811881	0.395727
0.0499335	0.57363
-0.334652	0.540344
-0.0891546	0.195077
-0.100532	-0.158059
-0.192893	-0.312143
-0.383011	-0.0272649
-0.398084	0.0102647
-0.557396	-0.140218
-0.635567	-0.316576
-0.58288	-0.216242
-0.526331	-0.386426
-0.483448	-0.108266
-0.651381	-0.143323
-0.539921	0.18544
-0.290612	0.325014
-0.29569	0.141848
-0.287134	0.128751
-0.303216	0.650378
0.00365561	0.617025
0.305031	0.455354
-0.523327	0.430763
-0.4856	0.45328
-0.490931	0.45461
-0.14083	0.391968
-0.141808	0.304768
0.052997	0.131696
0.167149	-0.0581406
0.0167089	-0.0506911
-0.168111	-0.40231
-0.153723	-0.226014
-0.160009	-0.287513
-0.120193	-0.423794
-0.260434	-0.41395
-0.316092	-0.416743
-0.566508	-0.273459
-0.681276	-0.397181
-0.71823	-0.179689
-0.485095	-0.130719
-0.720178	-0.065669
-0.630983	-0.391394
-0.652709	-0.146276
-0.844347	-0.335451
-0.509002	-0.333654
-0.64254	-0.51197
-0.667004	-0.107796
-0.304397	0.110101
-0.434919	-0.0201934
-0.797062	-0.00191255
-0.583118	-0.0122998
-0.233847	0.264261
-0.698884	0.472904
-0.6309	0.502982
-0.287074	0.497648
-0.258325	0.506827
-0.0141456	0.408081
-0.0274567	0.361328
0.202607	0.313129
0.085392	0.304047
0.246009	0.352203
-0.125878	0.269717
-0.252438	0.287381
-0.170019	0.264357
-0.418435	-0.0971345
-0.128809	-0.102279
0.0400499	-0.237155
-0.0565377	-0.337983
-0.244474	-0.313398
-0.179846	-0.0376323
-0.175393	-0.197697
-0.257601	-0.14072
-0.22785	-0.187268
-0.267944	0.104945
-0.33769	0.0335674
-0.316849	-0.0295449
-0.524449	-0.0847685
-0.481102	-0.431057
-0.854048	0.0767787
-0.76597	-0.414196
-0.725897	-0.299066
-0.694419	-0.43644
-0.873188	-0.32933
-0.775376	-0.253702
-0.778852	-0.327518
-0.669498	-0.222454
-0.850344	-0.227149
-0.888237	-0.241307
-0.96581	-0.139745
-0.95877	-0.307157
-0.71127	-0.00898474
-0.835368	-0.258589
-0.783807	-0.153523
-0.676444	-0.266847
-0.955138	-0.15842
-0.665242	-0.176716
-0.770278	-0.14879
-0.895906	-0.23014
-0.697711	-0.189947
-0.749143	-0.277662
-0.653892	-0.105087
-0.239727	-0.057369
0.00749897	0.450064
-0.190784	0.39874
0.317103	0.635643
0.370102	0.687262
0.2647	0.824016
0.190611	0.909402
0.12365	0.955059
0.0263532	0.965534
-0.0328687	0.901127
-0.228182	0.851308
-0.422581	0.663885
-0.74913	0.522225
-0.825325	0.283347
-0.867289	0.123059
-0.529625	-0.254567
-0.350047	-0.26728
-0.261007	-0.103543
-0.564982	0.371704
-0.484518	0.416346
-0.379468	0.308664
-0.467835	0.3279
-0.126026	0.109213
0.238218	-0.103289
-0.227311	-0.211907
0.0495171	-0.315669
0.161445	-0.331438
0.294604	-0.319551
0.382673	-0.291867
0.406003	-0.236847
0.42465	-0.219833
0.348867	-0.108575
0.232869	0.199644
-0.0775684	0.282908
-0.0625897	0.0419132
-0.226298	0.112147
-0.170033	-0.121956
-0.510702	-0.0826955
-0.834405	-0.212536
-0.670623	-0.142253
-0.431405	0.0734944
0.126608	0.120328
0.28223	0.00787471
0.407882	-0.0601135
0.4011	-0.0347915
0.395682	0.0401818
0.467238	0.0678937
0.111931	0.355575
0.0581137	0.249342
-0.322003	0.274292
-0.468778	0.316372
-0.272518	0.0435974
-0.389296	-0.0489189
-0.78021	-0.172967
-0.626482	-0.0382901
-0.214095	0.00897847
-0.235141	-0.140043
-0.318095	-0.133332
-0.345401	-0.135116
-0.329089	-0.151933
-0.321083	-0.150016
-0.333373	-0.077322
-0.662055	0.327272
-0.651991	0.375106
-0.758705	0.472121
-0.789878	0.499075
-0.634859	0.369979
-0.665468	0.440578
-0.489202	0.369751
-0.509367	0.339178
-0.61604	0.458146
-0.624859	0.518733
-0.630637	0.553183
-0.745208	0.626309
-0.820606	0.610256
-0.600226	0.531062
-0.726383	0.612694
-0.698172	0.632945
-0.639999	0.626426
-0.565663	0.580692
-0.435664	0.585787
-0.389743	0.368561
0.0545818	0.279952
0.263652	0.110619
0.269511	0.0939581
0.318598	0.0807199
0.332609	0.0853901
0.338804	0.117232
0.38385	0.157947
0.320487	0.182022
0.349274	0.21769
0.322756	0.390642
0.267663	0.539569
0.0837536	0.565904
0.147523	0.242941
0.00812466	0.374739
-0.131549	0.0941996
-0.0637408	0.0908806
0.0291091	0.0801068
-0.0509587	0.217898
-0.227174	0.301161
-0.535141	0.363961
-0.653094	0.295776
-0.848531	0.348356
-0.777068	0.481614
-0.653497	0.624736
-0.538999	0.658639
-0.494228	0.583247
-0.297673	0.320448
-0.197333	0.046716
-0.217893	-0.0782846
-0.207129	-0.0785907
-0.161477	-0.102275
-0.248391	0.00367179
-0.00304003	-0.00659108
-0.12171	0.012228
-0.0212792	-0.0416319
-0.0340888	-0.109484
-0.141961	-0.174393
-0.0975322	-0.23085
-0.274492	-0.246039
-0.0243598	-0.146693
-0.31032	-0.113956
-0.114532	0.0508442
-0.297047	0.113517
-0.249594	0.039627
-0.379915	0.092482
-0.524591	-0.0246022
-0.621867	-0.117998
-0.66185	-0.207123
-0.664492	-0.20492
-0.651573	-0.22447
-0.756059	-0.254952
-0.779945	-0.244232
-0.736068	-0.158162
-0.72549	0.236901
-0.579607	0.447185
-0.395136	0.470633
-0.485107	0.612031
-0.301964	0.595797
-0.0104079	0.355241
0.210978	0.489548
-0.0217473	0.593626
-0.16458	0.345169
-0.0459986	0.247496
-0.183158	-0.0613973
-0.371603	-0.277797
-0.560006	-0.401225
-0.407312	-0.333091
-0.374733	-0.148555
-0.475146	-0.228852
-0.518615	-0.108191
-0.441823	-0.179312
-0.61474	-0.0306279
-0.573445	-0.025983
-0.297447	0.350761
0.183363	0.529345
-0.556906	0.627255
-0.460708	0.597539
-0.37752	0.381205
-0.395084	0.292231
-0.596064	0.182333
-0.195928	0.0420225
-0.578145	0.0726339
-0.10794	0.412612
-0.0676976	0.351864
-0.218884	0.0838434
-0.358072	-0.141577
-0.297471	-0.232377
-0.279569	-0.263856
-0.316924	-0.529823
-0.539421	-0.597014
-0.792296	-0.605036
-0.700696	-0.563773
-0.690478	-0.282065
-0.562243	-0.29911
-0.532001	-0.0845742
-0.592698	-0.0847803
-0.530002	-0.240345
-0.405125	-0.363161
-0.733035	-0.266214
-0.797565	0.114931
-0.554702	-0.0663342
0.357909	-0.331358
0.0135895	-0.27302
-0.244464	-0.317797
-0.470399	-0.433027
-0.579207	-0.472015
-0.503738	-0.649044
-0.340001	-0.630902
-0.159753	-0.520438
-0.181616	-0.0558678
-0.435888	0.0959584
-0.447205	0.347078
-0.342417	0.206703
-0.367758	0.0167664
-0.284907	-0.209696
-0.367378	-0.295208
-0.423867	-0.258021
-0.549469	-0.0717603
-0.553229	-0.203483
-0.317931	-0.41669
-0.157467	-0.230788
-0.536287	0.0057483
-0.32013	-0.10998
-0.298838	0.258846
-0.172672	0.708924
-0.340509	0.771063
-0.234257	0.819976
-0.122518	0.857353
-0.132129	0.978316
-0.367026	0.782059
-0.385034	0.133756
-0.483758	-0.0956233
-0.654216	0.0119775
-0.639176	-0.299049
-0.600846	-0.299015
-0.66254	-0.284735
-0.808828	-0.106959
-0.678968	-0.21011
-0.300021	-0.532895
-0.210784	-0.498213
-0.538515	-0.396802
-0.108743	-0.333959
-0.313934	-0.083503
-0.171273	-0.0802037
0.0789603	0.30285
0.362431	0.335551
0.174004	0.542764
0.263773	0.534247
0.347843	0.494053
0.218509	0.465462
0.0211794	0.508847
0.144089	0.482857
0.116065	0.581955
0.121296	0.616736
0.0523227	0.435034
-0.294307	0.277319
-0.591092	-0.03633
-0.753261	-0.277412
-0.377232	0.486407
-0.714675	0.344392
-1.0651	0.325783
-0.883162	0.268601
-0.755852	0.398891
-0.638397	0.358611
-0.599571	0.379659
-0.133708	0.412003
-0.186314	0.2678
0.092796	0.128205
-0.311915	0.171139
-0.651668	0.371345
-0.497631	0.262244
-0.328552	0.16069
0.01586	-0.0261225
0.368091	0.0239561
0.375914	0.219077
0.356743	0.297757
0.378959	0.521815
0.300749	0.285046
0.375258	0.313634
0.249565	0.0956917
0.389709	-0.0241075
0.232713	0.345404
0.0436606	0.498428
-0.306648	0.462975
-0.222764	0.0345457
-0.248428	0.132472
-0.0616462	0.42934
-0.120966	0.447504
-0.256624	0.148575
-0.311993	0.212313
-0.438281	-0.0067566
-0.516163	-0.0921213
-0.694577	-0.225716
-0.672112	-0.187848
-0.748522	-0.243843
-0.80093	-0.273752
-0.83275	-0.205328
-0.881023	-0.312183
-0.909857	-0.437787
-1.02779	-0.479848
-0.910276	-0.412079
-0.937294	-0.323904
-0.806865	-0.0165206
-0.744707	-0.285299
-0.838224	-0.137867
-0.813365	-0.310769
-0.989906	-0.203142
-0.818374	-0.252229
-0.497087	-0.286552
-0.682751	-0.477572
-0.557849	-0.344949
-0.351727	-0.145367
-0.364597	-0.302967
-0.467379	-0.493993
-0.382945	-0.416835
-0.4299	-0.558762
-0.997655	-0.321906
-0.57874	-0.563784
-0.439706	-0.516618
-0.377666	-0.40778
-0.227242	-0.332564
-0.193759	-0.277887
-0.16311	-0.260177
-0.218748	-0.278676
-0.327342	-0.318516
-0.397764	-0.297366
-0.482292	-0.384448
-0.478382	-0.429142
-0.539646	-0.430277
-0.622756	-0.466894
-0.692683	-0.40961
-0.80001	-0.264075
-0.771542	-0.217584
-0.653525	-0.242768
-0.780205	0.156808
-0.229588	0.573221
-0.14811	0.494015
-0.052649	0.606578
0.00422421	0.408363
-0.104096	0.167256
-0.0602167	0.0393422
-0.247118	-0.241664
0.278461	-0.401382
0.340723	-0.306142
0.148947	-0.273379
-0.197558	-0.252787
-0.342378	-0.073394
0.126429	0.326582
0.291977	0.49355
0.195789	0.202966
0.426605	0.0179073
0.48614	-0.0604891
0.483901	0.0473237
0.405812	0.155041
0.52961	0.137212
0.64661	-0.0290718
0.621901	-0.0152282
0.862795	-0.299233
0.745277	-0.172729
0.68445	-0.253667
0.590116	-0.0369221
0.464205	-0.000789424
0.207894	0.0162335
0.228079	0.153005
0.106798	0.037363
-0.238367	0.242715
-0.274131	0.296043
-0.497516	0.226051
-0.380871	0.0698347
-0.612136	0.0968062
-0.87003	0.322076
-0.907145	0.465551
-0.801675	0.410138
-0.886155	0.556869
-0.807006	0.618939
-0.702012	0.682663
-0.660298	0.744448
-0.633163	0.765295
-0.529675	0.780269
-0.47262	0.784963
-0.408149	0.806222
-0.43125	0.834775
-0.502753	0.759237
-0.594291	0.72751
-0.700116	0.615765
-0.781043	0.32858
-0.681403	0.201722
-0.473372	-0.0877187
-0.289506	-0.0888539
-0.273052	-0.0614888
-0.0188834	-0.0502612
0.0864269	-0.0269274
0.0431514	0.0816054
0.407042	0.0693684
0.396844	0.239401
0.16692	0.264354
0.554993	0.357038
0.681414	0.3813
0.645936	0.550835
0.582427	0.524514
0.180458	0.317129
-0.0217022	0.404984
-0.148251	0.0975828
-0.269845	0.14457
-0.215627	0.0331456
-0.224267	-0.115463
-0.352596	-0.339509
-0.464458	-0.282494
-0.395475	-0.46518
-0.333406	-0.297561
-0.221476	-0.296083
-0.348282	-0.388077
-0.422543	-0.304541
-0.475202	-0.335432
-0.542251	-0.0149943
-0.419975	-0.208542
-0.315805	-0.381442
-0.568668	-0.45981
-0.699863	-0.311974
-0.654599	-0.283191
-0.620073	-0.222693
-0.607454	-0.0241092
-0.633345	0.292142
-0.545762	0.599262
-0.259421	0.570084
0.0437246	0.535938
0.114033	0.59397
-0.0518339	0.648449
-0.128709	0.480144
-0.398739	0.295548
-0.319311	0.0481891
-0.427764	-0.0534547
-0.680368	-0.111951
-0.197924	-0.229848
0.217939	-0.241597
-0.236474	-0.170177
-0.578327	-0.350575
-0.396979	-0.444161
-0.415842	-0.259408
0.144911	0.355092
0.194918	0.473981
0.0916276	0.576972
-0.313707	0.354625
-0.546835	0.371327
-0.629804	0.50543
-0.588704	0.420935
-0.993079	0.801569
-0.892953	0.758654
-0.658663	0.610984
-0.44487	0.29985
-0.401086	-0.0403897
-0.763373	0.0206003
-0.787897	0.019762
-0.828991	0.0737004
-0.736214	-0.0582994
-0.871983	0.0249777
-0.471968	0.182743
-0.395007	0.377171
-0.612097	0.137349
-0.455001	0.351693
-0.590324	0.471432
-0.583022	0.312235
-0.632938	0.532234
-0.581024	0.290575
-0.591463	0.364988
-0.570429	0.296604
-0.64987	0.143869
-0.496599	0.103221
-0.842503	-0.0822758
-0.736647	-0.135596
-0.684514	-0.101236
-0.707771	-0.20833
-0.628581	-0.341651
-0.963148	-0.235145
-0.609452	-0.214969
-0.746676	-0.272742
-0.744801	-0.396641
-0.752666	-0.120997
-0.927356	-0.224007
-0.634901	-0.248646
-0.703874	-0.274122
-0.732017	-0.307359
-0.680325	-0.111818
-0.996794	-0.36
-1.05874	-0.120156
-0.766492	-0.122625
-0.615018	-0.31904
-0.810176	-0.261049
-0.757442	-0.172479
-0.555259	0.0458665
0.0481047	0.400954
-0.348846	0.441192
0.0525567	0.296007
-0.166064	0.220463
-0.294526	0.0824262
-0.267304	0.10389
-0.568066	0.14216
-0.443423	-0.111161
-0.262145	-0.17661
-0.16505	-0.26963
-0.230614	-0.0997312
-0.0991116	-0.227852
-0.166212	-0.123501
-0.150002	-0.100789
-0.0345422	-0.0946801
-0.152209	-0.0463908
-0.214434	0.0283131
-0.241969	0.214621
-0.471108	0.589378
-0.309014	0.605116
-0.287247	0.624515
-0.229438	0.431146
-0.333065	0.362294
-0.0533872	0.154903
-0.0366525	0.165093
-0.174287	0.146453
-0.408883	0.232466
-0.799254	0.134264
-0.943676	0.0470813
-0.822208	-0.282111
-0.940897	-0.206869
-0.644574	-0.0896348
-0.280556	0.0904044
-0.01108	0.105721
0.0697666	0.106946
0.276251	0.00221142
0.316919	0.0967837
0.249176	0.125913
-0.0615893	0.337104
-0.0777495	0.426915
-0.307624	0.274008
-0.522068	0.00926309
-0.302403	-0.160614
-0.511586	-0.284008
-0.566776	-0.164028
-0.542729	-0.283778
-0.312125	-0.340443
-0.155511	-0.414803
-0.294451	-0.441771
-0.286826	-0.302955
-0.414046	-0.261805
-0.538068	0.0895567
-0.594102	-0.000297004
-0.606252	0.364601
-0.470714	0.463319
-0.460534	0.297087
-0.323372	0.0961404
-0.259395	0.0229378
-0.202084	-0.0323134
-0.170788	-0.147154
-0.200965	-0.190897
-0.204046	-0.290082
-0.219754	-0.286058
-0.197636	-0.320364
-0.210309	-0.306237
-0.111477	-0.323588
-0.0401231	-0.368432
-0.105959	-0.285675
-0.0497024	-0.269232
-0.225072	-0.229423
-0.0233691	-0.360536
0.0993695	-0.460246
0.0826432	-0.493188
0.197008	-0.603345
0.217197	-0.588265
0.144679	-0.597894
0.0106707	-0.52193
0.0313811	-0.546633
0.0214237	-0.504584
0.14516	-0.345722
0.211408	-0.0704032
-0.0921599	0.192635
-0.193037	0.197447
0.130836	0.192876
0.226818	-0.0384794
0.247827	-0.0509797
0.0569667	0.112318
0.293911	-0.16078
0.0301163	-0.331933
0.0791861	-0.562811
0.050621	-0.34781
-0.0968711	-0.392453
-0.408284	-0.253573
-0.44927	-0.389825
-0.54732	-0.48755
-0.614729	-0.538966
-0.572495	-0.211092
-0.617052	-0.102551
-0.562338	0.0071697
0.0612934	0.256222
0.0459724	0.23176
0.0403017	0.121375
0.0758562	-0.0582354
-0.0908847	0.0717166
-0.295668	0.245297
-0.502153	0.634144
-0.631548	0.670346
-0.568245	0.679796
-0.595631	0.698454
-0.475166	0.608405
-0.53158	0.663363
-0.481544	0.701079
-0.452867	0.746445
-0.531159	0.887962
-0.55091	0.933037
-0.51173	1.04629
-0.268238	0.98478
-0.373142	0.835758
-0.405527	0.709863
-0.340046	0.331634
-0.564551	0.165117
-0.677649	0.196225
-0.759825	0.185959
-0.766664	0.234906
-0.892366	0.333372
-0.822044	0.293186
-0.83808	0.351562
-0.964256	0.441364
-0.907707	0.707004
-0.265791	0.4762
-0.0273425	0.39111
-0.293228	0.186973
-0.286441	0.267902
-0.308436	0.188803
-0.316786	0.101488
-0.309427	-0.33592
0.138634	-0.377119
-0.189466	-0.116004
-0.562315	0.325332
-0.664316	0.0690305
-0.34887	0.284221
-0.415094	0.147089
-0.16696	0.26008
-0.359034	0.19862
-0.0479321	-0.119987
-0.00461353	-0.21637
-0.300846	-0.196505
-0.540878	-0.0672875
-0.513753	-0.00659483
-0.440676	0.0340863
-0.226476	0.154843
0.17632	0.239751
0.0182603	0.0602796
-0.227587	-0.0852339
-0.77286	-0.104378
-0.968583	-0.240904
-0.743687	-0.0227815
-0.305512	0.161421
-0.352996	0.146687
-0.475777	0.0900223
-0.73174	0.124429
-0.688484	0.0948294
-0.471368	0.0586999
-0.352686	0.0625226
-0.362461	0.620631
-0.419907	0.674224
-0.565986	0.617908
-0.518469	0.684405
-0.557985	0.678939
-0.530848	0.619266
-0.286964	0.617194
0.0750752	0.745257
0.270478	0.892327
0.325601	0.903296
0.321399	0.967967
0.258636	1.00852
0.116405	0.87534
-0.0759849	0.611462
-0.167675	0.318251
-0.252516	0.287698
-0.292065	0.253934
-0.397295	0.266596
-0.404535	0.263403
-0.503001	0.221159
-0.838169	0.454081
-0.792133	0.700892
-0.685648	0.608096
-0.815835	0.654381
-0.872401	0.643336
-0.802398	0.584852
-0.800608	0.226069
-0.683971	-0.0755389
-0.560661	-0.308399
-0.643214	-0.305742
-0.626411	-0.31013
-0.664702	-0.292271
-0.577463	-0.321962
-0.541025	-0.225379
-0.662347	0.100059
-0.637673	0.238456
-0.58216	0.193234
-0.394883	0.228907
-0.0481492	0.117419
0.12545	0.33642
0.0557706	0.469902
-0.0275509	0.463436
-0.164086	0.134743
-0.280975	-0.076128
-0.313486	-0.10962
-0.456842	-0.172783
-0.67287	0.127546
-0.977216	-0.126555
-0.821579	-0.115424
-0.749185	0.289584
-1.17199	0.297128
-0.691418	0.529485
-0.485902	0.288335
-0.111352	0.153312
-0.013947	0.241834
0.0157728	0.317662
0.0623593	0.268923
0.0907056	0.170906
0.0494899	0.135859
0.000779318	0.251465
-0.148829	0.125357
-0.264726	0.238426
-0.426375	0.0263066
-0.204961	0.0175577
-0.418465	-0.0344113
-0.669709	-0.0560503
-0.729307	-0.139103
-0.897026	-0.166707
-0.644423	-0.0320957
-0.575717	0.152913
-0.06226	-0.0256407
-0.0148385	-0.557555
0.120944	-0.593084
0.0428116	-0.574858
-0.122333	-0.587791
-0.456502	-0.347331
-0.394617	-0.340699
-0.233758	-0.351665
0.178865	-0.248684
0.194005	0.0292121
0.087401	0.0627829
0.134504	0.00577238
-0.0402463	-0.230121
-0.0939742	-0.406305
-0.185686	-0.346322
-0.100869	-0.535099
-0.0625844	-0.49645
-0.298848	-0.402601
-0.0999984	-0.229178
-0.16071	-0.481487
-0.193992	-0.175749
-0.511463	-0.192458
-0.565537	-0.0121006
-0.0519091	0.186365
-0.0870804	0.0243717
0.0463304	-0.422012
-0.300929	-0.342544
-0.42259	-0.162575
-0.435633	-0.0417577
-0.079548	0.025815
0.314376	-0.0170587
0.431579	0.183831
0.559165	0.368883
0.441852	0.329299
-0.040693	0.210004
-0.417447	0.0426087
-0.486962	-0.115144
-0.475908	0.0963289
-0.662984	0.108862
-0.593578	-0.0492585
-0.216383	0.0356539
0.0107509	0.507939
0.511552	0.45877
0.319095	0.558864
0.0496367	0.59096
0.0818265	0.504074
-0.218666	0.657159
-0.174995	0.553901
-0.0490731	0.461903
-0.145275	0.520626
-0.174954	0.434253
-0.112008	0.441288
-0.1279	0.43243
-0.0657834	0.606544
-0.0203546	0.528942
0.266846	0.120693
0.356438	-0.305747
0.14826	-0.103106
0.00299306	-0.0158039
-0.215579	0.121641
-0.257655	0.317886
-0.320727	0.362498
-0.678539	0.384913
-0.860598	0.421929
-0.850317	0.304974
-0.82008	0.233333
-0.797975	0.206368
-0.810347	0.194527
-0.787837	0.163542
-0.727197	0.176293
-0.187446	0.514594
-0.271887	0.522166
-0.372522	0.36903
-0.169651	0.412758
-0.214929	0.288532
-0.358888	0.325569
-0.407599	0.392914
-0.381664	0.172916
-0.369469	0.529705
-0.297258	0.42644
-0.29608	0.357593
-0.336885	0.230915
-0.48413	0.141729
-0.397288	-0.0848066
-0.394862	-0.124074
-0.39503	-0.195406
-0.315308	-0.436427
-0.450196	-0.14749
-0.058482	-0.224831
-0.283733	-0.359048
-0.449812	-0.172368
-0.378282	-0.228282
-0.501024	-0.245574
-0.669596	-0.0539614
-0.771974	-0.236908
-0.773707	-0.203699
-0.75638	-0.325155
-0.856636	-0.146746
-0.839923	-0.0987319
-0.635036	-0.126798
-0.664686	-0.140049
-0.627684	-0.243598
-0.723059	-0.146603
-0.335021	-0.156341
-0.227797	-0.135277
0.156388	0.167909
0.316531	-0.0332292
0.329637	-0.171733
0.358942	-0.132065
0.29867	-0.280432
0.101305	-0.0850156
-0.279554	0.389177
-0.425267	0.401866
-0.420939	0.278642
-0.535046	0.420117
-0.464913	0.263337
-0.422864	-0.0540072
-0.402951	-0.471397
-0.609021	-0.488354
-0.497805	-0.543901
-0.686785	-0.437952
-0.83439	-0.357739
-0.637937	-0.478777
-0.410489	-0.516864
-0.262638	-0.533213
-0.234843	-0.477422
-0.241668	-0.364598
-0.12407	-0.323734
-0.108802	-0.157299
0.0458653	-0.0608531
-0.0336514	0.106901
-0.0425756	0.181229
-0.351564	0.407874
-0.543642	0.278049
-0.623283	0.318601
-0.616616	0.212673
-0.363086	0.293767
-0.326154	0.019445
-0.265168	0.0440157
-0.251661	0.00227488
-0.195495	0.209998
0.126683	0.0514096
0.201649	-0.152588
-0.051418	-0.297892
-0.266877	-0.147543
-0.387501	-0.0590409
-0.492391	0.0125155
-0.374325	-0.0945194
-0.415694	-0.105882
-0.416042	-0.122488
-0.460112	-0.0749282
-0.531658	0.168939
-0.549326	0.525732
-0.463833	0.805927
-0.163569	0.315392
-0.258437	0.328194
-0.363171	0.426986
-0.27115	0.410899
0.00771654	0.442163
0.0879624	0.392566
0.202813	0.360215
-0.0160215	0.502203
-0.309525	0.101007
-0.0347778	0.0651437
-0.215194	0.17636
-0.33745	-0.106112
-0.427333	-0.210435
-0.25511	-0.26827
-0.324062	-0.153774
-0.471211	0.262696
-0.584561	0.292371
-0.597111	0.261705
-0.683482	-0.0998557
-0.710205	-0.148172
-0.661499	-0.176212
-0.997533	-0.19486
-0.892752	0.201784
-0.467361	0.508812
-0.303622	0.501744
-0.58	0.757544
-0.613422	0.686428
-0.690743	0.696358
-0.633233	0.477689
-0.210958	0.542553
-0.514092	0.174585
-0.717259	0.0764905
-0.78358	0.0583755
-0.846626	-0.115218
-0.729927	-0.223166
-0.741481	-0.260767
-0.734716	-0.250961
-0.673117	-0.208712
-0.660563	-0.0493953
-0.679589	-0.00966499
-0.405368	-0.186588
-0.00750315	-0.183941
0.0614034	0.0547191
-0.0513871	0.409334
-0.231766	0.550029
-0.185298	0.120469
-0.409042	0.178072
-0.562031	0.00256572
-0.4553	-0.0113936
-0.615745	-0.238302
-0.599732	-0.308155
-0.554032	-0.182247
-0.429799	-0.12019
-0.317672	-0.190678
-0.40422	-0.164482
-0.66944	-0.04665
-0.607237	-0.052383
-0.398984	0.0946733
-0.145254	0.16377
0.0330123	0.172652
0.0673789	0.21303
-0.225238	0.0841847
-0.435632	0.0014177
-0.41929	-0.232765
-0.725179	0.0128613
-0.721699	-0.0388223
-0.918517	-0.0683053
-0.755902	-0.121992
-0.619972	-0.026333
-0.670715	-0.0208181
-0.659889	-0.124432
-0.565144	-0.18791
-0.408083	-0.235932
-0.581139	-0.0315091
-0.822413	0.404857
-0.911255	0.398413
-0.852981	0.334986
-0.91217	0.380034
-0.673895	0.0975282
-0.500796	-0.130778
-0.319603	-0.347869
-0.50208	-0.369089
-0.61581	-0.403766
-0.732322	-0.364457
-0.800576	-0.298191
-0.862298	-0.202385
-0.914513	-0.0856982
-0.753046	-0.0703489
-0.405066	0.103515
-0.14442	0.0465183
-0.296843	-0.032795
-0.366603	-0.323293
-0.683074	-0.365096
-0.89513	-0.213902
-0.91847	-0.0228323
-0.483367	0.292817
-0.354857	0.57084
-0.080392	0.527761
-0.269525	0.761624
-0.201227	0.855204
-0.236973	0.90123
-0.351873	0.894028
-0.108377	0.592182
-0.123543	0.524925
-0.0220351	0.620478
0.0834455	0.346534
-0.156841	0.286299
-0.0852308	0.497832
-0.0530881	0.388353
-0.0381941	0.386285
-0.10882	0.481848
-0.225474	0.509322
-0.52404	0.347354
-0.782786	0.136443
-0.535626	0.0769309
-0.619547	-0.0227671
-0.79923	-0.0428855
-0.585158	-0.21054
-0.451647	-0.3043
-0.347304	-0.403021
-0.0820415	-0.376542
0.0610465	-0.23777
-0.0579374	0.0474406
-0.309395	0.189839
-0.79169	0.184375
-0.645811	0.00105724
-0.441598	-0.0867403
-0.552073	-0.0800356
-0.59329	-0.188758
-0.772353	-0.183829
-0.72767	-0.213182
-0.938288	-0.187784
-0.646834	-0.303238
-0.2965	-0.234351
0.0599555	0.0250247
0.257873	0.0338052
0.339491	-0.0386825
0.10563	0.176071
-0.368712	0.574808
-0.422459	0.562662
-0.499953	0.6103
-0.526138	0.573745
-0.590218	0.582712
-0.52269	0.469267
-0.653758	0.63285
-0.572056	0.531608
-0.576677	0.509459
-0.599083	0.587082
-0.674998	0.758978
-0.632371	0.630254
-0.461379	0.361348
-0.350678	-0.0776728
-0.37238	-0.243165
-0.472991	-0.260925
-0.690978	-0.135973
-0.730481	-0.192117
-0.758486	-0.138142
-0.464128	-0.272799
-0.531816	0.0116722
-0.459799	0.190375
-0.495948	0.531501
-0.678636	0.513651
-0.877701	0.552649
-0.849876	0.533581
-0.683179	0.427272
-0.437536	0.23086
-0.470591	0.244147
-0.446378	0.190443
-0.0281373	-0.127564
0.287718	-0.118944
0.229868	0.264777
0.458692	-0.0184035
0.145538	-0.0213233
0.199246	-0.236629
0.37256	-0.492595
0.075386	-0.548334
-0.170644	-0.404838
-0.0784871	-0.692792
-0.0393419	-0.53972
-0.134494	-0.501969
-0.429921	-0.195274
0.135642	-0.0668584
0.187007	-0.0486971
0.0702607	-0.026705
-0.0707119	-0.127912
-0.326473	-0.166937
-0.178551	-0.261149
-0.102382	-0.0894183
-0.0582065	0.30227
-0.402928	0.457658
-0.815087	0.0249825
-0.673553	0.0343309
-0.022174	0.161095
0.193833	0.383652
-0.290842	0.181813
-0.464167	-0.0344513
-0.56249	-0.0645173
-0.587987	-0.171869
-0.610048	-0.261437
-0.771318	-0.253899
-0.966242	-0.272991
-0.963696	-0.334399
-0.960115	-0.311266
-0.925401	-0.339276
-0.929835	-0.373839
-1.03435	-0.249822
-1.06286	-0.0839866
-0.59338	-0.155802
-0.712683	-0.150484
-0.321341	0.126265
-0.751602	0.134477
-0.263492	0.248577
-0.646868	0.356025
-0.235964	0.322145
-0.505673	0.474226
-0.182871	0.397091
-0.127196	0.502043
-0.192298	0.342074
-0.130666	0.383484
-0.193367	0.275448
-0.34952	0.0703564
-0.57004	-0.0601412
-0.576097	0.122498
-0.683492	-0.214261
-1.23868	-0.663534
-0.901626	-0.379542
-0.774494	-0.202996
-0.695912	-0.272376
-0.756034	-0.248159
-0.727289	-0.186078
-0.748879	-0.288173
-0.796327	-0.20532
-0.717705	-0.148179
-0.783787	-0.311063
-0.764167	-0.331909
-0.704275	-0.230874
-0.749067	-0.452348
-0.709251	-0.155342
-0.613848	-0.302446
-0.621327	-0.170707
-0.811823	-0.0883832
-0.865583	-0.287132
-0.735207	-0.422366
-0.714634	-0.278395
-0.435526	-0.0175627
0.340884	0.44041
0.0367756	0.523697
-0.124088	0.626069
-0.193396	0.76282
-0.216033	0.72465
-0.429187	0.662743
-0.403698	0.805792
-0.355784	0.770521
-0.369209	0.777841
-0.299453	0.740424
-0.403679	0.748869
-0.358267	0.693675
-0.293253	0.620494
-0.288829	0.720403
-0.263202	0.711323
-0.305895	0.660758
-0.27026	0.395115
-0.0554116	0.393262
0.218531	0.162911
0.372954	0.000200538
0.46083	-0.267206
0.56783	-0.0988687
0.318475	-0.00508296
-0.0589528	-0.046692
-0.28577	-0.18729
-0.167376	-0.442619
-0.419572	-0.335622
-0.269436	-0.6402
-0.524981	-0.341598
-0.550397	-0.378031
-0.507799	-0.234835
-0.632399	-0.0428875
-0.786343	0.220329
-0.731189	-0.101681
-0.596065	-0.41929
-0.881158	-0.301748
-0.986636	-0.176749
-0.929316	-0.0968216
-0.870599	0.104439
-0.670309	0.329162
-0.448276	0.58878
-0.216386	0.718883
-0.0551229	0.851841
0.0120942	0.184833
-0.0703682	0.166494
-0.0633347	0.285738
-0.118954	0.305798
0.0274222	0.446884
-0.0687479	0.358473
-0.138684	0.430447
-0.0423776	0.514852
-0.134723	0.487055
-0.531944	0.0822504
-0.732412	0.216326
-0.593365	-0.140292
-0.767962	-0.129927
-0.792434	-0.209172
-0.74993	-0.234123
-0.732223	0.0440119
-0.732877	0.116035
-0.685389	0.100649
-0.665115	-0.0122751
-0.70913	-0.190578
-0.691431	-0.212889
-0.706399	-0.16603
-0.727261	-0.0657402
-0.566772	-0.0404666
-0.32615	-0.0242593
-0.324097	0.00600297
-0.337666	0.10014
-0.34498	-0.0532599
-0.25494	-0.32007
-0.033188	-0.337865
-0.31308	-0.30144
-0.216296	-0.216219
-0.379556	-0.202651
-0.152274	0.0571141
-0.033672	0.471253
-0.415255	0.443972
-0.262168	0.00807846
-0.396074	0.162117
-0.436357	0.178751
-0.324201	0.235192
-0.449815	0.47139
-0.254368	0.352603
-0.0382615	0.0388546
-0.0524161	-0.0640081
-0.135955	-0.0428568
-0.329756	0.453515
-0.611357	0.787731
-0.567838	0.76327
-0.691362	0.727284
-0.905427	0.799514
-0.968717	0.714692
-0.618858	0.403191
-0.299883	0.07955
-0.63958	-0.253088
-0.479322	-0.375328
-0.544373	-0.355484
-0.554739	-0.339139
-0.545891	-0.149934
-0.27809	-0.199218
-0.0154265	0.167759
-0.038946	-0.0994717
0.0272213	-0.309634
-0.135098	-0.554057
-0.0793019	-0.509637
-0.193379	-0.413407
-0.393418	-0.293922
-0.522358	-0.151396
-0.3679	0.0114776
-0.572026	0.115386
-0.650005	-0.0852848
-0.486048	0.267193
-0.420425	0.164259
-0.363137	-0.144033
-0.628804	-0.100189
-0.56927	-0.0847529
-0.609222	-0.0447726
-0.458191	-0.178915
-0.475443	-0.151452
-0.499187	-0.166532
-0.505875	-0.212477
-0.614129	-0.235687
-0.759021	-0.217379
-0.742502	-0.303575
-0.620864	-0.339227
-0.486982	-0.403106
-0.205746	-0.466232
-0.237772	-0.137244
-0.405309	0.138835
-0.912957	0.687612
-1.09211	0.53057
-1.04415	0.388376
-0.491233	0.339272
-0.0687577	0.192121
-0.247895	0.195054
-0.10278	0.0253109
-0.0860506	0.245464
-0.29654	0.300754
-0.420423	0.444155
-0.241236	0.415912
-0.302143	0.331625
-0.233241	0.433869
-0.119796	0.475513
-0.358412	0.541362
-0.239543	0.523257
-0.190768	0.783237
-0.267266	0.654379
-0.370581	0.665992
-0.281428	0.802941
-0.335749	0.841033
-0.00578704	0.770958
-0.156558	1.03671
-0.123629	1.02376
-0.149853	1.09238
-0.0973932	1.02205
-0.190213	0.85594
-0.3079	0.786123
-0.312668	0.613575
-0.264375	0.370254
-0.504507	0.301633
-0.703194	0.358861
-0.827961	0.361672
-0.637399	0.297547
-0.790665	0.295462
-0.595578	0.525686
-0.644518	0.260877
-0.53773	0.237337
-0.484002	0.250131
-0.537157	0.111861
-0.560977	0.0375523
-0.813587	0.182567
-0.713559	-0.126064
-0.678833	-0.210043
-0.614424	-0.43662
-0.662301	-0.251983
-0.633226	-0.300697
-0.731244	-0.316735
-0.903394	-0.132522
-0.550854	-0.297289
-0.753977	-0.193145
-0.762436	-0.13643
-0.771998	-0.234075
-0.768034	-0.141147
-0.606273	-0.290531
-0.885237	-0.248115
-0.806424	-0.181644
-0.885223	-0.181483
-0.844168	-0.194286
-0.987502	-0.252151
-0.805719	-0.259396
-0.747136	-0.348226
-0.850853	-0.258324
-0.84719	-0.352399
-0.754476	-0.178974
-0.367857	0.318861
-0.532193	0.251492
-0.570988	0.257065
-0.34695	0.414259
-0.315873	0.48553
-0.373616	0.162714
-0.46048	0.379381
-0.32479	0.692381
-0.114958	0.512037
0.330627	0.142632
-0.0335308	0.253155
-0.125397	0.0701239
-0.196057	-0.0581609
-0.251366	-0.254455
-0.429699	-0.0690048
-0.515771	0.000758872
-0.502637	0.0353171
-0.43295	0.113495
-0.0756131	0.253129
-0.193011	0.397512
-0.223369	0.297788
-0.31613	0.359598
-0.269774	0.319426
-0.552558	0.49486
-0.647794	0.672299
-0.557092	0.675897
-0.36012	0.657685
-0.0918862	0.500403
-0.0389645	0.484193
-0.132181	0.505739
0.0175756	0.424115
-0.0271081	0.413721
0.16587	0.476981
0.392384	0.24665
0.170178	0.388124
0.192497	0.505039
-0.460415	0.850009
-0.675452	1.0334
-0.784782	1.00324
-1.05289	0.876026
-1.06909	0.715173
-0.810464	0.321168
-0.64424	0.089231
-0.531258	-0.0622994
-0.471439	-0.122514
-0.382691	-0.131887
-0.221235	-0.238027
-0.180357	-0.233612
-0.0399332	-0.259728
0.0525263	-0.376575
0.144307	-0.28241
0.0956903	-0.0228836
-0.169183	0.237638
-0.189113	0.0949408
-0.300931	-0.162139
-0.289867	0.0610253
-0.196624	0.302974
0.0583057	-0.281022
0.0934799	-0.270221
0.00403551	-0.257583
-0.0645924	-0.170835
-0.128388	-0.0270171
-0.117767	0.0391883
-0.221323	0.227642
-0.374459	0.458302
-0.489799	0.632095
-0.323925	0.57146
-0.196349	0.690186
-0.0439965	0.685825
-0.0375993	0.683221
-0.0296688	0.682018
0.0815	0.429198
0.00250597	0.203505
-0.419576	0.211604
-0.532877	-0.086535
-1.17867	-0.0818262
-0.951118	0.028415
-0.511986	0.326907
-0.619867	0.330679
-0.423955	0.205699
-0.241605	0.147337
-0.359842	-0.0519356
-0.349853	-0.138097
-0.31904	0.0184805
-0.311812	0.498344
-0.357503	0.356731
-0.491288	0.327832
-0.534886	0.380873
-0.655781	0.467545
-0.651191	0.401714
-0.718654	0.390359
-0.732373	0.194165
-0.553325	-0.340706
-0.436978	-0.443033
-0.532605	-0.318547
-0.679546	-0.0810209
-0.564743	-0.0811746
-0.454831	-0.00241255
-0.325584	0.157507
-0.315041	0.335156
-0.22754	0.470121
-0.149971	0.717749
-0.359551	0.918315
-0.275405	0.937816
-0.218418	0.939584
-0.189418	0.912074
-0.172015	0.909601
-0.156573	0.935749
-0.216955	0.84914
-0.250472	0.833344
-0.299674	0.760505
-0.489688	0.676374
-0.706823	0.568569
-0.785048	0.366293
-0.828323	0.184664
-0.877822	0.0495347
-0.860758	-0.0577283
-0.683136	-0.190409
-0.636178	-0.0371128
-0.52616	0.238057
-0.280564	0.237636
-0.118904	0.368746
-0.238258	0.53173
-0.1744	0.669964
-0.285075	0.530549
-0.0622894	0.535721
-0.139863	0.518865
-0.236017	0.389942
-0.270787	0.182189
-0.508278	0.192609
-0.684205	0.00108857
-0.710843	-0.143379
-0.579264	-0.270671
-0.776645	-0.329806
-0.698004	0.0551695
-0.433298	0.261519
-0.360409	-0.352504
-0.404508	-0.37318
-0.731004	-0.270445
-0.872995	-0.255086
-0.750504	-0.298249
-0.83692	-0.161876
-0.859427	-0.0471249
-0.582026	-0.114273
-0.220053	-0.126049
-0.501561	-0.320572
-0.459195	-0.389354
-0.437073	-0.204274
-0.577074	-0.0447408
-0.62181	-0.0814002
-0.529482	-0.118557
0.211245	-0.519612
0.375125	-0.77014
0.0508276	-0.376077
-0.471129	-0.0310368
-0.592001	0.399598
-0.493896	0.383566
-0.832134	0.070469
-0.590078	0.012219
-0.4527	-0.0513634
-0.67496	-0.195825
-0.894304	-0.261143
-0.612054	-0.203346
-0.561098	-0.298109
-0.130876	0.154635
0.0647772	0.518956
0.201592	0.55169
0.120004	0.572967
0.091961	0.560002
0.24389	0.5841
0.260253	0.494373
0.36069	0.228901
0.0476533	-0.0641329
-0.0176482	-0.23263
0.107648	-0.465699
0.0113119	-0.2992
-0.0187373	-0.33255
-0.106778	-0.295818
-0.178834	-0.379493
-0.183103	-0.216696
-0.517929	-0.00178883
-0.374775	0.496117
-0.386605	0.704534
-0.236506	0.732228
-0.259947	0.76757
-0.31623	0.86154
-0.474284	0.940861
-0.511493	0.655174
-0.688915	0.771157
-0.700636	0.564993
-0.70053	0.44735
-0.0491486	0.329549
-0.0786632	0.32723
-0.0136554	0.186381
0.124877	0.20858
0.0822142	0.19353
0.0128458	0.376645
-0.00877115	0.339572
-0.13713	0.479029
-0.323893	0.190732
-0.510309	0.226888
-0.975688	0.400178
-0.778374	0.332988
-0.706232	0.367887
-0.573039	0.355116
-0.378377	0.368715
-0.21743	0.439037
-0.162041	0.555555
-0.0669408	0.062275
-0.326603	-0.103177
-0.380772	-0.282606
-0.246405	0.0711526
-0.250892	-0.123608
-0.140897	-0.334327
-0.267059	-0.0939133
-0.292024	-0.0914673
-0.215931	0.0206439
-0.133891	0.0812439
-0.169663	0.108119
-0.204591	0.0653669
-0.218609	0.206236
-0.366775	0.255978
-0.0965851	-0.12417
-0.341682	-0.384526
-0.281817	-0.315241
-0.190184	-0.488405
-0.429483	-0.24569
0.0506301	-0.371779
-0.027294	-0.315347
-0.167018	-0.239357
0.00132757	-0.237698
-0.0534397	-0.188879
-0.0201326	-0.222766
-0.0129235	-0.479491
0.108546	-0.323819
0.0968344	-0.363909
0.0150276	-0.508987
0.0133874	-0.603368
-0.00762925	-0.4147
-0.225016	-0.418452
-0.381228	-0.353178
-0.54495	-0.379531
-0.750818	-0.112044
-0.608813	-0.15284
-0.651346	-0.15769
-0.7013	-0.28239
-0.843163	0.0312575
-0.649913	-0.0644075
-0.779695	-0.033381
-0.725259	-0.184963
-0.732815	-0.157375
-0.791791	-0.159032
-0.80242	-0.231642
-1.0162	-0.335335
-0.928459	-0.515937
-0.917797	-0.514724
-0.825089	-0.340081
-0.947546	-0.342771
-0.898344	-0.232711
-1.04451	-0.303896
-1.08018	-0.388344
-0.929671	-0.206729
-1.0229	-0.369389
-0.929437	-0.400881
-0.869922	-0.256064
-1.03806	-0.175498
-0.818295	-0.0103542
-1.07148	-0.344739
-0.954628	-0.290008
-0.418699	-0.127126
-0.689345	-0.0693615
-0.287328	0.0397656
-0.262254	0.203918
-0.367313	0.0680236
-0.4828	-0.154053
-0.485846	-0.113539
0.513437	0.891359
0.495581	0.895269
0.344967	0.977418
0.505399	0.962351
0.240103	0.932712
0.338602	0.924259
0.36269	0.935354
0.297721	0.930563
0.207024	1.02077
0.387905	0.940097
-0.248844	0.55097
-0.257956	0.169251
-0.494575	-0.121212
-0.603331	0.0662972
-0.601751	-0.110093
-0.561656	0.00576194
-0.881036	0.214428
-0.585043	0.301154
0.163893	0.723308
-0.292666	0.979284
-0.383344	0.732705
-0.371799	0.528384
-0.564247	0.466912
-0.619057	0.338812
-0.808367	0.419685
-0.868246	0.496871
-0.871473	0.620983
-0.710949	0.699596
-0.535325	0.797302
-0.238773	0.946183
0.107646	1.03221
0.329744	0.915941
-0.0756326	0.734958
-0.267185	0.50743
-0.207591	0.592751
-0.160182	0.698426
-0.125699	0.671265
-0.0222271	0.774891
0.0213111	0.858546
-0.0663543	0.862819
-0.292816	0.599144
-0.438517	0.341169
-0.577845	0.229579
-0.439782	0.0087107
-0.689407	0.0829653
-0.520115	-0.0882036
-0.470347	-0.191186
-0.385046	-0.200105
-0.173817	-0.106282
-0.276626	0.263753
-0.506936	0.683114
-0.266574	0.405319
0.0742389	0.226509
-0.299711	0.154736
-0.547923	-0.142451
-0.555955	-0.243015
-0.52294	-0.197067
-0.661812	-0.17119
-0.782245	-0.109531
-0.745097	-0.138483
-0.70131	-0.047501
-0.537559	0.0223512
-0.417429	-0.0637425
-0.397981	-0.17671
-0.582197	-0.384246
-0.703499	-0.275776
-0.741994	-0.145224
-0.541198	-0.0861797
-0.273219	0.0641615
-0.219628	0.379537
-0.380736	0.660481
-0.290179	0.606408
-0.323493	0.57837
-0.599696	0.666922
-0.736819	0.630531
-0.686032	0.451631
-0.722516	0.502913
-0.873971	0.519676
-0.880095	0.472329
-0.812558	0.441967
-0.591092	0.229762
-0.720995	0.165302
-0.750397	0.360482
-0.69938	0.566546
-0.553111	0.741497
-0.389224	0.806203
-0.319909	0.648598
-0.282938	0.572391
-0.275537	0.516805
0.0232783	0.396215
0.136136	0.300838
0.246443	0.35699
0.281714	0.258796
0.227902	0.237685
0.339107	0.246303
0.253462	-0.0912532
0.0799684	-0.236112
-0.16259	-0.454619
-0.208357	-0.29871
-0.0394803	-0.139659
0.0879857	0.318762
-0.106767	-0.149531
-0.115606	-0.262864
-0.19301	-0.334741
-0.39344	-0.207936
-0.51363	-0.00982731
-0.759419	0.367474
-0.721966	0.422549
-0.755022	0.479657
-0.767566	0.466465
-0.836021	0.446906
-0.991729	0.503051
-1.02574	0.413542
-0.928032	0.218969
-0.986044	0.183924
-1.03957	0.0476243
-0.947466	-0.0779115
-0.484017	-0.0338432
-0.0610751	0.0818021
0.183001	0.243747
0.264618	0.0217347
0.234435	-0.327416
0.0676675	-0.532977
-0.0413755	-0.347926
-0.454523	-0.554412
-0.479189	-0.441646
-0.618271	-0.18972
-0.598807	-0.110422
-0.448456	-0.423941
-0.486177	-0.310356
-0.247753	-0.183008
-0.105165	-0.472682
-0.393113	-0.561192
-0.536942	-0.208689
-0.556966	0.00261213
-0.804609	0.261238
-0.88511	0.303544
-0.816307	0.312895
-0.69544	0.246987
-0.656886	0.294397
-0.437319	0.346456
-0.189892	0.353176
0.00404054	0.34245
0.00210562	0.330284
-0.258031	0.335236
-0.276882	-0.0362522
-0.658853	0.0638761
-0.801318	-0.0815253
-0.946591	-0.143544
-0.462692	-0.136542
-0.424198	-0.112991
-0.860086	0.38616
-0.484828	0.378957
-0.328938	0.630512
-0.453665	0.368522
-0.502204	0.371222
-0.587636	0.276191
-0.725847	0.235657
-0.805286	0.243958
-0.878825	0.290886
-0.859493	0.376645
-0.75286	0.366707
-0.731727	0.285098
-0.769448	0.344513
-0.68773	0.345613
-0.704164	0.316247
-0.509314	0.170498
-0.21006	0.281919
-0.178518	0.253293
-0.308102	0.23191
-0.175491	0.27589
-0.219396	0.133011
-0.371189	0.291163
-0.295041	0.460191
-0.264937	0.983336
0.292566	0.846808
0.35972	0.910592
0.194121	0.837265
0.23984	0.679661
0.240143	0.840442
0.195569	0.871101
0.149971	0.4521
0.0908784	0.506017
0.203985	0.135399
0.145736	-0.00270779
-0.112255	-0.0447129
0.19068	-0.163684
0.273414	-0.232674
0.230979	-0.359243
-0.0260238	-0.153012
-0.0725805	-0.112411
-0.281625	-0.123518
-0.24052	-0.303346
-0.154752	-0.171554
-0.189815	-0.146213
0.0515744	-0.260401
0.0886655	-0.266563
-0.0293562	-0.275448
-0.14376	-0.0260134
-0.231667	-0.0814031
-0.194079	-0.201007
-0.505242	-0.14205
-0.241433	-0.206199
-0.502474	-0.147223
-0.499733	-0.198955
-0.708119	-0.209776
-0.650063	-0.276113
-0.685468	-0.17331
-0.500285	-0.0393899
-0.558195	0.0220174
-0.716463	-0.243287
-0.799936	-0.274156
-0.607979	-0.0805472
-0.69479	-0.179615
-0.593195	-0.19043
-0.840328	-0.219413
-0.78562	-0.240468
-0.718391	-0.414004
-0.903122	-0.499121
-0.899582	-0.407626
-0.753283	-0.3239
-0.500751	-0.342761
-0.413524	-0.396375
-0.352824	-0.339775
-0.26709	-0.217232
-0.390531	-0.343681
-0.43125	-0.202071
-0.462614	-0.259676
-0.329819	-0.148721
-0.245609	0.0799068
-0.330933	0.768785
-0.448284	0.796776
-0.537775	0.885795
-0.46629	0.923299
-0.384255	0.941306
-0.457368	0.963084
-0.0827477	0.753453
0.00246769	0.606183
0.0534949	0.575079
-0.0774812	0.0957046
-0.226593	-0.0196482
-0.309836	-0.109805
-0.297699	-0.22149
-0.461312	-0.0665813
-0.502094	-0.193612
-0.604078	-0.36744
-1.02178	-0.330656
-0.546099	-0.20352
-0.549027	0.13864
-0.579628	-0.00421549
-0.730525	-0.183242
-0.901869	-0.205138
-1.00859	-0.18347
-0.878596	-0.343354
-0.930348	-0.346589
-0.91615	-0.367393
-0.947775	-0.386195
-1.04307	-0.353736
-1.08614	-0.289774
-1.12953	-0.243789
-1.12818	-0.252832
-1.11759	-0.200202
-1.08388	-0.164247
-0.993962	-0.0591725
-0.864593	0.0543539
-0.692798	0.0670448
-0.63945	0.10226
-0.679398	0.412855
-0.483085	0.425969
-0.256605	0.321711
-0.198745	0.212258
-0.212887	0.345769
-0.071762	0.351942
0.135721	0.178642
0.121189	0.362155
-0.10053	0.394697
-0.288716	0.334536
-0.138994	-0.125252
0.00816475	-0.264356
0.0379708	-0.0982893
0.0641558	-0.328607
0.105209	-0.290144
0.0119807	-0.3295
-0.397185	-0.111847
-0.498979	0.0865551
-0.552539	-0.195596
-0.353413	-0.105713
-0.387619	0.376329
-0.475383	-0.117726
-0.641658	-0.29739
-0.560563	-0.295751
-0.61051	-0.243827
-0.717689	-0.193652
-0.978	-0.12965
-0.875067	-0.261027
-0.78785	-0.28483
-0.786919	-0.288321
-0.529063	-0.00745908
-0.69201	0.155143
0.0201697	0.112644
-0.163006	0.348916
-0.196969	0.487419
-0.0982303	0.38455
-0.0647578	0.376057
-0.397661	0.520028
-0.741301	0.627033
-0.594287	0.618345
-0.659382	0.697958
-0.585636	0.618414
-0.555611	0.624207
-0.408742	0.434254
-0.439162	0.330013
-0.482395	0.445925
-0.490666	0.347932
-0.730629	0.517938
-0.585121	0.444105
-0.720736	0.36006
-0.831547	0.427794
-0.788212	0.402284
-0.743966	0.177195
-0.745562	0.155989
-0.748785	0.207848
-0.755814	0.249649
-0.711018	0.271172
-0.745516	0.297553
-0.729042	0.346334
-0.700847	0.345937
-0.733227	0.351943
-0.730998	0.347854
-0.701492	0.331144
-0.743647	0.341222
-0.730474	0.35787
-0.684634	0.254912
-0.300096	0.0825951
-0.00985011	0.137526
-0.164417	0.534064
0.0236938	0.255236
0.076042	0.00633319
-0.13224	-0.0601059
-0.359931	-0.0795128
-0.389729	-0.0562272
-0.301372	-0.270401
-0.337005	-0.395367
-0.372661	-0.235845
-0.474565	-0.395863
-0.492008	-0.44683
-0.494911	-0.383711
-0.181708	-0.292069
-0.0995431	-0.118283
-0.747221	-0.27289
-1.09004	-0.182061
-0.779031	-0.291575
-0.852225	-0.210662
-0.833599	-0.240128
-0.776924	-0.304425
-0.698398	-0.305316
-0.807106	-0.388842
-0.859976	-0.268568
-0.772109	0.406782
-0.815827	0.766595
-0.897271	0.227809
-0.506594	0.416658
-0.172151	0.512272
-0.562023	0.394469
-0.292777	0.145656
0.115528	0.225588
0.350722	0.283998
0.266494	0.361388
0.121318	0.18016
0.108294	0.269983
0.278413	0.200528
0.352854	0.264727
0.457838	0.363502
0.332596	0.294127
0.227458	0.317548
-0.100587	0.293745
-0.336314	0.474172
-0.461181	0.68888
-0.411348	0.766434
-0.332713	0.803517
-0.31844	0.665695
-0.186236	0.53722
-0.100395	0.534545
-0.0245029	0.3554
0.00391144	0.189988
-0.114836	0.444182
-0.122612	0.220382
-0.202838	0.301363
-0.143757	0.257484
-0.159025	0.382939
-0.127218	0.404007
-0.380011	0.297869
-0.598252	0.159199
-0.560697	0.322076
-0.354638	0.616402
-0.23057	0.848942
-0.251893	0.97139
-0.212811	0.99903
-0.103927	1.02395
-0.108939	1.04372
-0.171625	1.04179
-0.140336	1.03189
-0.070491	1.03641
-0.0644261	1.07662
-0.0758037	1.02786
-0.151895	0.995937
-0.210806	0.899515
-0.305246	0.81487
-0.422025	0.759488
-0.507046	0.622044
-0.576988	0.449141
-0.545959	0.313605
-0.508458	0.171468
-0.595198	0.11119
-0.702046	0.0806133
-0.40245	0.00319749
-0.53876	0.0147564
-0.457873	-0.0361937
-0.512425	-0.130277
-0.534328	0.0641124
-0.350061	0.131476
-0.406116	0.0597937
-0.28205	0.202728
-0.443475	-0.106503
-0.696743	0.037217
-0.759371	-0.233995
-0.591401	-0.35768
-0.62247	-0.30798
-0.443492	-0.287979
-0.457846	-0.324774
-0.478211	-0.327224
-0.486652	-0.391693
-0.337197	-0.126531
-0.0519476	-0.0445146
-0.142855	-0.350511
-0.185961	-0.526636
-0.242548	-0.591708
-0.394884	-0.711083
-0.505705	-0.584912
-0.668972	-0.256115
-0.553917	-0.237182
-0.689319	-0.222431
-0.634136	-0.410564
-0.644367	-0.272786
-0.662296	-0.235714
-0.670497	-0.161025
-0.765733	-0.173221
-0.824461	-0.165371
-1.11555	-0.155609
-1.05539	-0.0333125
-0.770846	-0.124313
-1.00202	-0.0825962
-0.985373	-0.0916093
-0.958251	0.0375679
-0.98997	0.0672011
-1.09702	0.0514064
-0.621687	0.467245
-0.714438	0.353632
-0.737187	0.318799
-0.554886	0.347839
-0.581966	0.430431
-0.555584	0.520141
-0.521352	0.633024
-0.500257	0.735982
-0.381555	0.70066
-0.329366	0.652275
-0.428613	0.663294
-0.562749	0.595368
-0.647319	0.518589
-0.750176	0.419058
-0.798118	0.344252
-0.813171	0.264456
-0.619929	0.129726
-0.533247	0.109515
-0.705741	0.511709
-0.455576	0.418527
-0.464023	0.481945
-0.435496	0.580349
-0.286825	0.434952
-0.299711	0.544799
-0.163634	0.0409002
-0.503304	-0.161291
-0.780195	-0.210858
-0.884188	-0.158475
-0.827219	-0.200588
-0.622183	-0.0971635
-0.689453	-0.133732
-0.88251	-0.0599682
-0.961432	-0.080429
-0.984741	-0.115014
-0.926333	-0.168518
-0.860843	-0.23277
-0.859572	-0.26032
-0.821876	-0.224345
-0.820113	0.210023
-0.582039	0.498646
-0.277056	0.376111
-0.239071	0.485098
-0.0808458	0.522226
0.0291355	0.53278
-0.189554	0.538988
0.0257805	0.228294
-0.239687	-0.0234373
-0.0446076	-0.246677
-0.289499	-0.1116
-0.554549	-0.0500712
-0.259231	-0.140103
-0.391348	-0.146626
-0.324084	-0.230958
-0.677411	-0.121785
-0.689274	0.0668202
-0.563656	0.0784097
-0.628234	-0.186353
-0.505379	-0.398125
-0.715299	-0.285722
-0.742974	-0.316909
-0.712701	-0.336036
-0.659062	-0.347783
-0.63185	-0.306808
-0.582764	-0.224688
-0.43215	-0.201151
-0.335164	-0.0223722
-0.0954835	-0.125781
-0.300375	-0.107412
-0.451769	-0.0157229
-0.418552	-0.420717
-0.532995	-0.310383
-0.516902	-0.363498
-0.380373	0.0401598
-0.221207	-0.0391333
-0.208994	-0.280594
-0.486197	-0.213821
-0.541144	-0.33651
-0.521026	-0.272767
-0.589045	-0.174705
-0.559724	-0.173817
-0.51089	0.0274729
-0.160095	0.107078
-0.00513106	0.139627
-0.0378271	0.0947618
-0.202251	0.113712
0.0790342	0.00959979
-0.0111257	-0.106652
0.419539	-0.211091
0.418579	0.110146
0.365005	0.100939
0.313679	0.239307
0.1898	0.0979163
-0.197847	0.175845
-0.253717	0.111591
-0.22032	0.0836793
-0.180597	0.0794848
-0.494897	0.304304
-0.772597	0.361753
-0.716638	0.385475
-0.858825	0.514953
-0.913399	0.580799
-0.859408	0.535315
-0.598638	0.197616
-0.328211	-0.201879
-0.519111	-0.304912
-0.430053	-0.292088
-0.561146	-0.128465
-0.45789	-0.0448492
-0.67497	0.723418
-0.597988	0.725945
-0.540085	0.860726
-0.44312	0.679933
-0.111921	0.811893
0.0451677	0.54161
-0.0397504	0.21786
-0.341325	0.090132
-0.339188	-0.215174
-0.663575	-0.122317
-0.653118	-0.186512
-0.261088	-0.183616
0.131774	0.0584765
-0.0969586	-0.0190032
-0.0394986	-0.13097
-0.0907741	-0.0461485
0.0376547	-0.0463913
0.148546	-0.0196478
0.294661	-0.0353496
-0.15538	0.239287
-0.373037	0.222498
-0.504704	0.0165898
-0.715209	-0.0887436
-0.671884	-0.22206
-0.848336	-0.28141
-0.687717	-0.0585035
0.018114	-0.098356
-0.290063	0.0504213
-0.267001	-0.225157
-0.296555	-0.285585
-0.191505	-0.352825
-0.257017	-0.138442
-0.513703	0.148779
-0.543541	0.216826
-0.539777	0.26028
-0.494066	0.229555
-0.517487	0.170874
-0.511137	0.270021
-0.554051	0.286986
-0.446638	0.23605
-0.296056	0.269008
-0.220818	0.274531
-0.251177	0.237859
-0.218282	0.00917936
-0.0932289	0.392052
-0.119055	0.640784
-0.308776	0.757161
-0.424383	0.816119
-0.392973	0.69196
-0.12276	1.03335
-0.153848	1.12598
-0.163827	1.14342
-0.259995	1.24448
-0.0507705	1.09093
-0.120372	1.01381
-0.160589	1.10102
-0.24792	1.07864
-0.342456	1.1663
-0.373125	1.0279
-0.385546	0.876572
-0.564316	0.670398
-0.34304	0.690035
-0.421262	0.371782
-0.349987	0.12762
-0.498498	-0.111961
-0.484399	-0.0971118
-0.531771	-0.218019
-0.456279	-0.265195
-0.370369	-0.348299
-0.481336	-0.467776
-0.430691	-0.296735
-0.603152	-0.330556
-0.56074	-0.321305
-0.509312	-0.239602
-0.776751	-0.550859
-0.755621	-0.461336
-0.708401	-0.384065
-0.764124	-0.323173
-0.851985	-0.073517
-0.752185	-0.365787
-0.81996	-0.365141
-0.819891	-0.391981
-0.775745	-0.288502
-0.76333	-0.121675
-1.00192	-0.329498
-0.916506	-0.339293
-0.758745	-0.384682
-0.835999	-0.11593
-1.11874	0.034372
-0.918259	-0.289629
-0.726924	-0.369939
-0.805025	-0.374669
-0.736531	-0.335278
-0.680164	-0.185498
-0.730307	-0.165901
-0.751697	-0.214996
-0.767193	-0.268796
-0.568446	-0.188631
-0.890761	-0.118117
-0.604853	-0.109332
-0.261358	0.121973
0.0443055	0.302768
-0.264675	0.221956
-0.559852	0.290901
-0.75379	0.344268
-0.476997	0.402471
-0.592249	0.0921519
-0.813462	-0.0648354
-0.714518	-0.106821
-0.537967	-0.221798
-0.40857	-0.244908
-0.391896	-0.16386
-0.186734	-0.0540565
-0.0868477	0.133048
0.268992	0.210369
0.0626587	-0.098974
0.209725	-0.368984
-0.0301827	-0.527819
-0.379478	-0.552469
-0.372784	-0.649896
-0.431519	-0.441579
-0.339536	-0.394282
-0.193301	-0.0591244
-0.314008	-0.122362
-0.316451	-0.251029
-0.386422	-0.195804
-0.612242	-0.0931293
-0.733897	-0.183248
-0.749666	-0.17172
-0.40815	-0.20711
-0.388074	0.053639
-0.204699	0.060401
-0.128298	0.0464399
0.00893771	-0.124724
0.138173	-0.14536
-0.0741662	0.223494
-0.0443336	0.116004
-0.223575	0.0977249
-0.823555	0.202381
-0.68187	0.0790614
-0.24804	0.28832
-0.358657	0.0456968
-0.148335	-0.338491
-0.177537	-0.309627
-0.211232	-0.339961
-0.195423	-0.331334
-0.330261	-0.239167
-0.298973	-0.242938
-0.449496	-0.224102
-0.441559	-0.26244
-0.307698	-0.365411
-0.270294	-0.353729
-0.442646	-0.430763
-0.444563	-0.565759
-0.526805	-0.441138
-0.560614	-0.41824
-0.980635	-0.0723326
-0.785341	0.00519167
-0.715589	0.0618918
-0.586263	0.136004
-0.4218	0.304417
0.109134	0.0517228
0.265986	0.0777957
-0.0663094	0.0597387
0.0277863	-0.132047
-0.111176	-0.312907
-0.491704	-0.456927
-0.620694	-0.429848
-0.549482	-0.224692
-0.426661	-0.137737
-0.0982996	0.216457
0.113779	0.0277731
0.139573	0.2136
0.0593317	0.171811
-0.166678	0.103104
-0.22282	-0.0215317
0.068048	0.00772426
0.167802	0.212207
0.229417	0.159065
0.465733	0.0065273
-0.0467093	-0.0187242
-0.553471	0.0709135
-0.506698	0.134523
-0.4085	0.0287834
-0.466282	-0.284718
-0.850562	-0.264265
-0.755716	-0.266159
-0.503931	-0.288059
-0.863599	-0.119635
-0.405606	0.175517
-0.671307	-0.0373033
-0.590356	-0.104817
-0.678383	-0.026558
-0.684117	-0.00659144
-0.69889	0.106294
-0.688488	0.321599
-0.475393	0.36121
-0.378927	0.490916
-0.253106	0.482572
-0.561188	0.336168
-0.394884	0.446734
-0.356773	0.226289
-0.661053	0.0300426
-0.669724	-0.0743076
-0.262156	-0.152208
-0.335029	-0.075902
-0.254034	-0.0897873
0.111145	-0.0901534
-0.391479	0.165556
-0.0968154	-0.0138725
-0.15014	0.0715533
-0.146229	-0.0515794
-0.275127	-0.152653
-0.369054	-0.120135
-0.30162	-0.226937
-0.273845	-0.297484
-0.150493	-0.276262
-0.112714	-0.130783
-0.0222103	0.188541
-0.13226	0.0978385
-0.159602	0.14581
-0.479663	-0.209395
-0.509037	-0.193838
-0.372621	-0.0647158
-0.791247	-0.182593
-0.788444	-0.0752188
-0.455818	0.342302
-0.179697	0.138306
-0.849704	0.334945
-1.05532	0.345816
-0.266441	0.592212
-0.922047	0.473498
-0.816063	0.315539
-0.857525	0.252073
-0.72865	0.302568
-0.885361	0.336314
-0.881734	0.36241
-0.939745	0.345575
-1.02839	0.305608
-1.07499	0.421857
-1.10378	0.39578
-0.969335	0.334653
-0.907332	0.288643
-0.764331	0.30217
-0.751938	0.446209
-0.600218	0.426021
-0.546531	0.368972
-0.565479	0.251107
-0.495603	0.17579
-0.629316	0.406676
-0.563714	0.84177
-0.341367	1.17753
-0.209051	1.23564
-0.0471738	1.05312
0.164761	1.02657
0.0143556	0.977253
0.00765654	1.01415
-0.0071517	0.939206
-0.0239853	0.796665
0.0515242	0.568771
-0.149403	0.360589
0.0287493	0.0816397
-0.106912	-0.0996383
-0.101229	-0.243468
-0.123384	-0.245847
-0.0229083	-0.52967
0.082257	-0.48956
0.147225	-0.178507
-0.23944	-0.212577
-0.132716	-0.403591
-0.228547	-0.442037
-0.219716	-0.367164
-0.164107	-0.424049
-0.283666	0.0197388
-0.280666	0.13497
-0.308421	-0.252677
-0.149186	-0.411839
-0.349872	-0.350479
-0.498855	-0.474435
-0.367642	-0.252755
-0.428401	-0.606148
-0.658902	-0.481988
-0.587191	-0.237089
-0.733253	-0.37553
-0.703954	-0.332963
-0.796126	-0.356727
-0.812606	-0.296624
-0.995089	-0.255335
-0.443922	-0.0837838
-0.725791	0.0277071
-0.784704	0.0236396
-0.689006	0.105293
-0.546267	0.303666
-0.586853	0.375615
-0.508544	0.346463
-0.332311	0.419343
-0.137889	0.481951
0.208444	0.1904
-0.171874	0.355888
-1.16299	0.018465
-0.789983	0.236163
-0.489027	-0.210464
-0.0795985	-0.0442344
0.0888979	-0.116025
-0.215177	-0.379669
-0.465931	-0.34367
-0.583918	-0.206279
-0.405928	-0.323229
-0.593866	-0.261707
-0.560303	-0.125027
-0.415232	-0.147754
-0.45516	-0.0399722
-0.499485	0.312316
-0.698647	0.690699
-0.659619	0.575583
-0.605366	0.536925
-0.694962	0.519048
-0.61259	0.277933
-0.487533	0.101756
-0.183489	-0.261215
-0.213214	-0.328757
-0.113255	-0.291963
-0.0385413	-0.264005
0.0477382	-0.194761
0.0996139	-0.0800336
0.233351	-0.0725681
0.280421	-0.0288015
0.305033	0.1137
0.376879	0.149418
0.339867	0.215074
0.356458	0.16408
0.332034	0.101133
0.257835	0.029103
0.314886	0.000270322
0.196965	-0.0185005
0.19249	-0.0475656
0.0769245	-0.00291828
0.0515176	-0.127343
0.0595061	-0.247943
0.0253838	-0.361988
-0.0671899	-0.409924
-0.173098	-0.413837
-0.213813	-0.425161
-0.264078	-0.371145
-0.194453	-0.44144
-0.489177	-0.17548
-0.555032	0.309539
-0.769313	0.602535
-0.643483	0.538384
-0.735186	0.668057
-0.617437	0.716874
-0.562807	0.735064
-0.342415	0.619373
-0.228867	0.613366
-0.0789605	0.633158
0.0171417	0.423477
-0.446858	0.307007
-0.77434	0.114847
-0.3725	0.143233
-0.530425	0.0981679
-0.250906	-0.0759717
0.0842653	0.305741
-0.211477	0.76745
0.145909	0.894784
-0.135358	0.221032
-0.565321	0.145244
-0.66853	0.0484814
-0.57872	-0.0966519
-0.648342	-0.239466
-0.71955	-0.254591
-0.613713	-0.200128
-0.501472	-0.211485
-0.815231	0.485752
-0.649552	0.311165
-0.844195	0.450738
-0.832567	0.38995
-0.890435	0.207783
-0.46748	-0.388754
-0.778561	-0.497711
-0.873999	-0.383472
-0.749368	-0.209294
-0.534171	-0.215826
-0.271666	-0.205383
-0.0669749	0.135617
-0.101481	0.358193
-0.225572	0.191985
-0.320785	0.0415125
-0.416559	0.0244578
-1.07869	0.0203386
-1.12339	-0.0485556
-0.628668	0.226973
-0.494359	0.422732
-0.587768	0.177413
-0.510417	-0.0907627
-0.883674	0.114094
-0.907521	0.146317
-0.375551	0.144419
-0.0941947	0.323073
-0.138739	0.229399
-0.248617	0.314455
0.0287208	0.234072
0.25692	0.183018
0.112626	0.351643
0.110207	0.315644
0.00170568	0.298711
0.0919929	0.190764
-0.23996	0.0783898
-0.100118	0.155252
-0.0128298	0.0701981
0.201273	0.680038
0.0236639	0.887441
-0.171801	0.836219
-0.646048	0.693414
-0.960146	0.483314
-0.914759	0.278419
-0.820455	0.157025
-0.0858927	0.137092
-0.0861413	0.234958
-0.0574644	0.212198
-0.0286105	0.0939144
-0.0202448	0.0539171
0.289483	-0.0673839
0.233165	0.142373
0.326066	-0.0817171
0.1661	0.122927
0.0897534	0.275011
0.0913921	0.0752999
-0.157292	0.0422992
-0.376253	-0.0388425
-0.487782	-0.131594
-0.768064	-0.193632
-0.769581	-0.153891
-0.680165	-0.206148
-0.798783	-0.256867
-0.804105	-0.220846
-0.621825	-0.285383
-0.684241	-0.389363
-0.482125	-0.744545
-0.470572	-0.62223
-0.349583	-0.514708
-0.420444	-0.446453
-0.63828	-0.320568
-0.673345	-0.17836
-0.744722	-0.15791
-0.695239	-0.305205
-0.860684	-0.201185
-0.793872	-0.242812
-0.736223	-0.278878
-0.752156	-0.219688
-0.688543	-0.275537
-0.801367	-0.0845687
-0.875486	-0.189718
-0.769299	-0.210171
-0.991641	-0.240563
-0.888076	-0.225796
-0.708733	-0.36397
-0.841159	-0.167046
-0.900709	-0.318157
-0.816013	-0.210932
-0.708617	-0.25874
-0.558779	-0.0638649
-0.396924	0.0293249
-0.457636	0.010935
-0.696037	-0.220226
-0.921255	-0.217566
-0.951482	-0.275886
-0.88986	-0.371247
-0.874751	-0.317398
-0.674139	-0.385783
-0.533291	-0.356723
-0.372918	-0.26051
-0.156049	-0.119683
0.0203712	-0.0258618
0.16459	0.0327449
0.164242	0.0912787
0.337384	0.119229
0.302786	0.117125
0.359285	0.0952896
0.279473	0.0675299
0.311206	0.094845
0.325701	0.00710983
0.288519	-0.00153477
0.126078	-0.0198652
-0.0492612	-0.00932573
-0.232167	0.0140624
-0.426806	0.176757
-0.492049	0.389817
-0.474005	0.614318
-0.432769	0.727139
-0.384666	0.771973
-0.386802	0.82819
-0.425601	0.752477
-0.510713	0.683182
-0.647937	0.594774
-0.818117	0.503481
-1.03214	0.475445
-1.08951	0.333386
-0.907629	0.350725
-0.693242	0.388313
-0.318973	0.199887
-0.525372	0.225155
-0.346701	0.478024
-0.416538	0.552399
-0.294624	0.736563
-0.382843	0.622418
-0.554187	0.557649
-0.615851	0.603161
-0.511287	-0.0771851
-0.481339	-0.340877
-0.471944	-0.417228
-0.465524	-0.435313
-0.484171	-0.442615
-0.386248	-0.48362
-0.413807	-0.450885
-0.354764	-0.424778
-0.400164	-0.317799
-0.358506	-0.283229
-0.235399	-0.294007
-0.0473409	-0.275813
0.1452	-0.112601
0.167785	0.215005
0.123305	0.271525
0.457327	-0.151393
0.367554	-0.35167
0.266233	-0.263907
0.0595473	-0.0431049
-0.151473	-0.0891104
-0.490537	0.0236493
-0.53243	-0.115633
-0.484459	0.245113
-0.61932	0.0916723
-0.527633	-0.012414
-0.134333	0.287225
-0.336243	0.334418
-0.37669	0.458065
-0.555339	0.620365
-0.593657	0.628979
-0.531596	0.656904
-0.509352	0.617079
-0.429237	0.481016
-0.27591	0.40991
-0.0250629	0.51451
-0.0174545	0.174165
-0.343457	0.22005
-0.534064	0.0444863
-0.507923	-0.0958698
-0.250257	0.134832
-0.358667	-0.141186
0.148402	-0.322695
0.110148	-0.359184
0.0870759	-0.28428
0.109278	-0.116514
0.135502	0.178633
0.406601	-0.0942665
0.212985	-0.117465
0.0709793	-0.139996
-0.0758927	-0.313601
-0.315639	-0.344277
-0.467214	-0.297765
-0.775488	-0.0606712
-0.855951	-0.0243772
-0.656808	0.188417
-0.528813	0.153222
-0.630806	-0.0526901
-0.395805	-0.231885
-0.564452	-0.0650038
-0.435641	0.0156647
-0.431751	0.194769
-0.299498	0.206095
-0.256049	0.0720819
-0.299036	-0.0141941
-0.467337	-0.0291803
-0.657969	-0.19743
-0.72928	-0.1917
-0.596965	-0.157561
-0.829167	0.168871
-0.959204	0.0869581
-0.630538	0.279477
-0.775406	0.275735
-0.907413	0.279585
-0.748324	0.156637
-0.826157	0.255398
-0.638727	0.295437
-0.660754	0.388949
-0.487774	0.320602
-0.523503	0.545856
-0.610287	0.714544
-0.510019	0.544526
-0.364887	0.482741
-0.194556	0.412205
0.0266482	0.509597
0.252379	0.528336
0.527073	0.210584
0.237296	0.181811
0.313921	-0.129142
-0.126149	0.0714327
-0.104958	-0.342174
-0.459899	-0.321838
-0.49618	-0.118734
-0.509844	0.032196
0.0756931	0.358923
-0.112034	0.235168
-0.117788	0.127818
-0.163983	-0.02505
-0.0663148	-0.291602
-0.0509306	-0.334627
-0.066077	-0.231762
-0.010515	-0.213395
0.112708	-0.133866
0.0558759	0.109545
0.286135	0.274017
0.180831	0.185323
0.00281474	-0.287935
-0.176729	-0.40356
0.00443857	-0.554595
0.0221294	-0.609404
-0.340382	-0.387933
-0.246897	-0.12134
-0.446807	0.0184472
-0.855473	0.0545874
-0.727967	0.0890403
-1.16055	-0.102029
-0.705213	-0.222424
0.170723	0.193308
-0.00350962	0.341458
-0.00912922	0.490246
-0.00458615	0.291795
0.0708163	0.0645087
0.038221	-0.21029
-0.130322	-0.163949
-0.437998	-0.169749
-0.428316	-0.165387
-0.524471	-0.325786
-0.652707	-0.246212
-0.694153	-0.285927
-0.635304	-0.288982
-0.654798	-0.309187
-0.560572	-0.407671
-0.556989	-0.482868
-0.662576	-0.421416
-0.604584	-0.559882
-0.491028	-0.622284
-0.41942	-0.622227
-0.57707	-0.521932
-0.374499	-0.212642
-0.336402	0.0529784
-0.152344	0.251287
-0.262779	0.592063
-0.258476	0.656395
-0.273247	0.753022
-0.0716608	0.490056
0.118167	0.239045
-0.305523	0.260821
-0.323127	0.42015
-0.320451	0.663185
-0.345343	0.415895
-0.504347	0.369216
-0.641891	0.211055
-0.961364	-0.322259
-0.827019	-0.289237
-0.996718	-0.451272
-1.03903	-0.343119
-0.270103	0.238703
-0.0214476	0.421567
-0.198699	0.498554
-0.00230578	0.494279
-0.146454	0.42328
-0.147596	0.205665
-0.215795	0.18687
-0.581636	0.536164
-0.680556	0.475005
-0.584179	0.364753
-0.376269	0.22219
-0.453742	0.240167
-0.51923	-0.135102
-0.543812	-0.405365
-0.667818	-0.257374
-0.706845	-0.283383
-0.511164	-0.290867
-0.426086	0.0282282
-0.693421	0.11398
-0.636245	0.12054
-0.344299	0.135883
-0.12099	0.0643778
-0.0984395	0.0658649
-0.309092	0.00533265
-0.596093	-0.119563
-0.614032	-0.229561
-0.829056	-0.231967
-0.683013	-0.219057
-0.203619	-0.0898647
0.13171	-0.297655
-0.129153	-0.228286
-0.198631	-0.313068
-0.162308	-0.269223
-0.0447107	-0.182748
0.000224179	0.0678396
0.0431674	0.26186
0.517341	0.036129
0.417923	-0.0387465
0.2584	-0.298745
0.0776755	-0.471431
0.000845093	-0.362399
0.204673	-0.240135
0.159042	0.20512
0.19606	0.118335
0.236154	0.126808
0.248014	0.241088
0.212669	0.0474783
0.25139	0.140181
0.049455	0.286646
0.0212691	0.164612
-0.275136	-0.046752
-0.0869035	-0.0181477
-0.215906	-0.102757
-0.174795	-0.201773
-0.347504	-0.144218
-0.506177	0.0242716
-0.60328	0.165623
-0.364969	0.0854537
-0.419182	0.165182
-0.677171	0.268866
-0.608478	0.342079
-0.0702499	0.187705
-0.092489	0.130626
-0.125868	0.180694
-0.31711	0.205818
-0.473196	0.0634045
-0.523554	-0.120896
-0.466576	-0.0755437
-0.315581	0.130351
0.0142561	0.13973
0.165218	0.229677
0.170104	0.134713
0.285711	0.177988
-0.0613676	0.19698
-0.175062	0.154575
0.139472	0.112759
0.0745903	0.198596
-0.201942	0.281811
-0.222854	0.151885
-0.726146	0.0166197
-0.838076	-0.177027
-0.800692	-0.0346633
-0.454988	-0.0948322
-0.324915	0.127493
-0.817191	0.120001
-1.04023	0.203558
-0.974133	0.219919
-1.07814	0.32243
-0.959809	0.305716
-0.929466	0.310569
-0.826189	0.304696
-0.786434	0.42286
-0.665285	0.693934
-0.4364	0.70401
-0.354842	0.671821
-0.125756	0.529421
0.0248397	0.462577
-0.213023	0.298315
-0.514624	0.0673775
-0.46253	0.119516
-0.350684	-0.0635108
-0.474373	-0.398805
-0.440069	-0.303863
-0.132261	0.0828796
0.0206657	0.0911717
-0.164629	0.238406
-0.247787	0.181606
-0.202755	-0.0535493
-0.369758	-0.255642
-0.461424	-0.256699
-0.64544	-0.0877754
-0.560553	-0.0494451
-0.500347	-0.0855006
-0.614017	-0.0314709
-0.598629	-0.108411
-0.656591	-0.071956
-0.621104	-0.0474328
-0.668702	0.114553
-0.566186	0.370753
-0.372667	0.650546
-0.132073	0.826779
-0.00377528	0.682496
-0.639608	0.684728
-0.57967	0.705625
-0.381497	0.684523
-0.365609	0.669862
-0.225245	0.685232
0.0194	0.497405
-0.0953053	0.384926
-0.365424	0.138396
-0.456536	0.203011
-0.666033	-0.169649
-0.882093	-0.134358
-0.550307	0.0563536
-0.677922	-0.136159
-0.410767	-0.346367
-0.401526	-0.402509
-0.558118	-0.358408
-0.747029	-0.156
-0.893341	0.163255
-0.537439	0.307188
-0.859575	0.409425
-0.990611	0.311616
-0.775934	0.173192
-0.437548	0.0520497
-0.231235	0.0761561
-0.234429	0.0957231
-0.246077	0.180936
-0.277991	0.088988
-0.233035	0.0925063
-0.285726	0.0262791
-0.377783	-0.0826904
-0.451675	-0.156122
-0.487943	-0.267045
-0.496623	-0.333356
-0.653264	-0.251864
-0.702552	-0.20324
-0.806804	-0.146637
-0.838581	0.259547
-0.775392	0.615879
-0.832247	0.710373
-0.712384	0.652949
-0.515362	0.472572
-0.135283	0.454362
0.131175	0.692989
0.269902	0.889241
0.281229	0.948541
0.289294	1.05904
0.182139	1.0585
0.045229	1.07237
-0.204673	0.969684
-0.505746	0.811229
-0.666411	0.516687
-0.808009	0.244889
-0.801145	-0.0459207
-0.740589	-0.236592
-0.727127	-0.362865
-0.780033	-0.283043
-0.795387	-0.0071297
-0.802862	0.163483
-0.525883	0.224568
-0.750465	0.241132
-0.625073	0.0834437
-0.533026	-0.152922
-0.431017	-0.296031
-0.364489	-0.321541
-0.167562	-0.31696
0.00683274	-0.278055
0.102274	-0.121649
0.0664379	0.0770378
-0.111471	0.206456
-0.225376	0.291508
-0.330774	0.313649
-0.462568	0.221023
-0.590113	0.521383
-0.65096	0.636626
-0.627356	0.720286
-0.60355	0.661871
-0.57937	0.713124
-0.40854	0.614626
0.105471	0.52446
0.310022	0.702545
0.213809	0.93504
0.00301397	1.0705
-0.21901	0.990333
-0.382578	0.887572
-0.495077	0.678546
-0.563727	0.496935
-0.577648	0.309472
-0.536777	0.178265
-0.300298	0.0650913
0.171122	-0.00268895
0.151399	0.296159
0.0121546	0.22301
-0.127244	-0.0230862
-0.0294948	-0.0441205
-0.162553	-0.23175
-0.380942	-0.266162
-0.429837	-0.388645
-0.534391	-0.254352
-0.499282	-0.178214
-0.630112	-0.161714
-0.612685	-0.0849881
-0.600498	-0.103761
-0.604535	0.0262465
-0.158409	0.242953
-0.122022	0.580126
0.315166	0.551735
0.260763	0.454702
0.0934032	0.323842
-0.275479	0.195913
-0.217506	0.404513
-0.427278	0.443593
-0.579121	0.516379
-0.812238	0.733499
-0.876374	1.07094
-0.653296	1.08791
-0.594435	1.04717
-0.631693	1.07249
-0.575873	0.945831
-0.672646	0.832354
-0.82902	0.768692
-0.776925	0.449812
-0.754819	0.398232
-0.527749	0.211906
-0.32782	0.215663
-0.217494	-0.0470661
-0.139548	0.0795018
-0.288032	0.447481
-0.292759	0.309913
-0.572965	0.0665655
-0.52991	-0.0424359
-0.918743	-0.137012
-0.643347	0.089825
-0.490219	0.233594
-0.610483	0.253643
-0.285342	0.748956
-0.17715	0.712927
0.0231504	0.894419
-0.342687	0.954115
-0.379135	0.888456
-0.561006	0.540332
-0.968845	0.0312745
-0.671269	0.233609
-1.06169	0.109938
-0.846415	-0.072379
-0.643587	-0.241419
-0.757692	-0.154563
-0.881307	0.153478
-0.750692	-0.101304
-0.570095	-0.511158
-0.710787	-0.435996
-0.78167	-0.129142
-0.401457	-0.0840788
-0.385268	0.022041
-0.246346	-0.158185
-0.189961	-0.120178
-0.473838	-0.345712
-0.436876	-0.339963
-0.784283	-0.509957
-0.736173	-0.488405
-0.758977	-0.50242
-0.54456	-0.289053
-0.529392	-0.233456
-0.719129	-0.112369
-0.916085	-0.335219
-0.623503	-0.268387
-0.707736	-0.200237
-0.830626	-0.24807
-0.835278	-0.323509
-0.69344	-0.163099
